"","Default","checkingstatus1","duration","history","purpose","amount","savings","employ","installment","sex","residence","age","housing","cards","liable","tele","foreign"
"1",0,"<DM0",6,"terrible","goods/repair",1169,"DM0-100","7+years",4,"male",4,67,"own",2,1,"yes","foreign"
"2",1,"DM0-200",48,"poor","goods/repair",5951,"DM0-100","1-7years",2,"female",2,22,"own",1,1,"no","foreign"
"3",0,"NoAccount",12,"terrible","edu",2096,"DM0-100","1-7years",2,"male",3,49,"own",1,2,"no","foreign"
"4",0,"<DM0",42,"poor","goods/repair",7882,"DM0-100","1-7years",2,"male",4,45,"forfree",1,2,"no","foreign"
"5",1,"<DM0",24,"poor","newcar",4870,"DM0-100","1-7years",3,"male",4,53,"forfree",2,2,"no","foreign"
"6",0,"NoAccount",36,"poor","edu",9055,"DM0-100","1-7years",2,"male",4,35,"forfree",1,2,"yes","foreign"
"7",0,"NoAccount",24,"poor","goods/repair",2835,"DM100-1000","7+years",3,"male",4,53,"own",1,1,"no","foreign"
"8",0,"DM0-200",36,"poor","usedcar",6948,"DM0-100","1-7years",2,"male",2,35,"rent",1,1,"yes","foreign"
"9",0,"NoAccount",12,"poor","goods/repair",3059,"DM1000+","1-7years",2,"male",4,61,"own",1,1,"no","foreign"
"10",1,"DM0-200",30,"terrible","newcar",5234,"DM0-100","unemployed",4,"male",2,28,"own",2,1,"no","foreign"
"11",1,"DM0-200",12,"poor","newcar",1295,"DM0-100","0-1year",3,"female",1,25,"rent",1,1,"no","foreign"
"12",1,"<DM0",48,"poor","biz",4308,"DM0-100","0-1year",3,"female",4,24,"rent",1,1,"no","foreign"
"13",0,"DM0-200",12,"poor","goods/repair",1567,"DM0-100","1-7years",1,"female",1,22,"own",1,1,"yes","foreign"
"14",1,"<DM0",24,"terrible","newcar",1199,"DM0-100","7+years",4,"male",4,60,"own",2,1,"no","foreign"
"15",0,"<DM0",15,"poor","newcar",1403,"DM0-100","1-7years",2,"female",4,28,"rent",1,1,"no","foreign"
"16",1,"<DM0",24,"poor","goods/repair",1282,"DM100-1000","1-7years",4,"female",2,32,"own",1,1,"no","foreign"
"17",0,"NoAccount",24,"terrible","goods/repair",2424,"DM0-100","7+years",4,"male",4,53,"own",2,1,"no","foreign"
"18",0,"<DM0",30,"good","biz",8072,"DM0-100","0-1year",2,"male",3,25,"own",3,1,"no","foreign"
"19",1,"DM0-200",24,"poor","usedcar",12579,"DM0-100","7+years",4,"female",2,44,"forfree",1,1,"yes","foreign"
"20",0,"NoAccount",24,"poor","goods/repair",3430,"DM100-1000","7+years",3,"male",2,31,"own",1,2,"yes","foreign"
"21",0,"NoAccount",9,"terrible","newcar",2134,"DM0-100","1-7years",4,"male",4,48,"own",3,1,"yes","foreign"
"22",0,"<DM0",6,"poor","goods/repair",2647,"DM100-1000","1-7years",2,"male",3,44,"rent",1,2,"no","foreign"
"23",0,"<DM0",10,"terrible","newcar",2241,"DM0-100","0-1year",1,"male",3,48,"rent",2,2,"no","german"
"24",0,"DM0-200",12,"terrible","usedcar",1804,"DM100-1000","0-1year",3,"male",4,44,"own",1,1,"no","foreign"
"25",0,"NoAccount",10,"terrible","goods/repair",2069,"DM0-100","1-7years",2,"male",1,26,"own",2,1,"no","german"
"26",0,"<DM0",6,"poor","goods/repair",1374,"DM0-100","1-7years",1,"male",2,36,"own",1,1,"yes","foreign"
"27",0,"NoAccount",6,"good","goods/repair",426,"DM0-100","7+years",4,"male",4,39,"own",1,1,"no","foreign"
"28",0,"DM200+",12,"good","goods/repair",409,"DM1000+","1-7years",3,"female",3,42,"rent",2,1,"no","foreign"
"29",0,"DM0-200",7,"poor","goods/repair",2415,"DM0-100","1-7years",3,"male",2,34,"own",1,1,"no","foreign"
"30",1,"<DM0",60,"poor","biz",6836,"DM0-100","7+years",3,"male",4,63,"own",2,1,"yes","foreign"
"31",0,"DM0-200",18,"poor","biz",1913,"DM1000+","0-1year",3,"male",3,36,"own",1,1,"yes","foreign"
"32",0,"<DM0",24,"poor","goods/repair",4020,"DM0-100","1-7years",2,"male",2,27,"own",1,1,"no","foreign"
"33",0,"DM0-200",18,"poor","newcar",5866,"DM100-1000","1-7years",2,"male",2,30,"own",2,1,"yes","foreign"
"34",0,"NoAccount",12,"terrible","biz",1264,"DM0-100","7+years",4,"male",4,57,"rent",1,1,"no","foreign"
"35",0,"DM200+",12,"poor","goods/repair",1474,"DM0-100","0-1year",4,"female",1,33,"own",1,1,"yes","foreign"
"36",1,"DM0-200",45,"terrible","goods/repair",4746,"DM0-100","0-1year",4,"male",2,25,"own",2,1,"no","foreign"
"37",0,"NoAccount",48,"terrible","edu",6110,"DM0-100","1-7years",1,"male",3,31,"forfree",1,1,"yes","foreign"
"38",1,"DM200+",18,"poor","goods/repair",2100,"DM0-100","1-7years",4,"male",2,37,"own",1,1,"no","foreign"
"39",0,"DM200+",10,"poor","goods/repair",1225,"DM0-100","1-7years",2,"male",2,37,"own",1,1,"yes","foreign"
"40",0,"DM0-200",9,"poor","goods/repair",458,"DM0-100","1-7years",4,"male",3,24,"own",1,1,"no","foreign"
"41",0,"NoAccount",30,"poor","goods/repair",2333,"DM100-1000","7+years",4,"male",2,30,"own",1,1,"no","foreign"
"42",0,"DM0-200",12,"poor","goods/repair",1158,"DM100-1000","1-7years",3,"male",1,26,"own",1,1,"yes","foreign"
"43",0,"DM0-200",18,"poor","goods/repair",6204,"DM0-100","1-7years",2,"male",4,44,"own",1,2,"yes","foreign"
"44",0,"<DM0",30,"terrible","usedcar",6187,"DM100-1000","1-7years",1,"male",4,24,"rent",2,1,"no","foreign"
"45",1,"<DM0",48,"terrible","usedcar",6143,"DM0-100","7+years",4,"female",4,58,"forfree",2,1,"no","foreign"
"46",0,"NoAccount",11,"terrible","newcar",1393,"DM0-100","0-1year",4,"female",4,35,"own",2,1,"no","foreign"
"47",0,"NoAccount",36,"poor","goods/repair",2299,"DM100-1000","7+years",4,"male",4,39,"own",1,1,"no","foreign"
"48",0,"<DM0",6,"poor","usedcar",1352,"DM100-1000","unemployed",1,"female",2,23,"rent",1,1,"yes","foreign"
"49",0,"NoAccount",11,"terrible","newcar",7228,"DM0-100","1-7years",1,"male",4,39,"own",2,1,"no","foreign"
"50",0,"NoAccount",12,"poor","goods/repair",2073,"DM100-1000","1-7years",4,"female",2,28,"own",1,1,"no","foreign"
"51",0,"DM0-200",24,"poor","goods/repair",2333,"DM0-100","0-1year",4,"male",2,29,"own",1,1,"no","foreign"
"52",0,"DM0-200",27,"poor","usedcar",5965,"DM0-100","7+years",1,"male",2,30,"own",2,1,"yes","foreign"
"53",0,"NoAccount",12,"poor","goods/repair",1262,"DM0-100","1-7years",3,"male",2,25,"own",1,1,"no","foreign"
"54",0,"NoAccount",18,"poor","usedcar",3378,"DM0-100","1-7years",2,"male",1,31,"own",1,1,"yes","foreign"
"55",1,"DM0-200",36,"poor","newcar",2225,"DM0-100","7+years",4,"male",4,57,"forfree",2,1,"yes","foreign"
"56",0,"NoAccount",6,"good","newcar",783,"DM0-100","1-7years",1,"male",2,26,"own",1,2,"no","foreign"
"57",1,"DM0-200",12,"poor","goods/repair",6468,"DM0-100","unemployed",2,"male",1,52,"own",1,1,"yes","foreign"
"58",0,"NoAccount",36,"terrible","goods/repair",9566,"DM0-100","1-7years",2,"female",2,31,"own",2,1,"no","foreign"
"59",0,"DM200+",18,"poor","newcar",1961,"DM0-100","7+years",3,"female",2,23,"own",1,1,"no","foreign"
"60",1,"<DM0",36,"terrible","goods/repair",6229,"DM0-100","0-1year",4,"female",4,23,"rent",2,1,"yes","foreign"
"61",0,"DM0-200",9,"poor","biz",1391,"DM0-100","1-7years",2,"male",1,27,"own",1,1,"yes","foreign"
"62",0,"DM0-200",15,"terrible","goods/repair",1537,"DM0-100","7+years",4,"male",4,50,"own",2,1,"yes","foreign"
"63",1,"DM0-200",36,"good","biz",1953,"DM0-100","7+years",4,"male",4,61,"forfree",1,1,"yes","foreign"
"64",1,"DM0-200",48,"good","biz",14421,"DM0-100","1-7years",2,"male",2,25,"own",1,1,"yes","foreign"
"65",0,"NoAccount",24,"poor","goods/repair",3181,"DM0-100","0-1year",4,"female",4,26,"own",1,1,"yes","foreign"
"66",0,"NoAccount",27,"poor","goods/repair",5190,"DM0-100","7+years",4,"male",4,48,"own",4,2,"yes","foreign"
"67",0,"NoAccount",12,"poor","goods/repair",2171,"DM0-100","0-1year",2,"female",2,29,"own",1,1,"no","foreign"
"68",0,"DM0-200",12,"poor","newcar",1007,"DM1000+","1-7years",4,"male",1,22,"own",1,1,"no","foreign"
"69",1,"NoAccount",36,"poor","edu",1819,"DM0-100","1-7years",4,"male",4,37,"forfree",1,1,"yes","foreign"
"70",0,"NoAccount",36,"poor","goods/repair",2394,"DM0-100","1-7years",4,"female",4,25,"own",1,1,"no","foreign"
"71",0,"NoAccount",36,"poor","usedcar",8133,"DM0-100","1-7years",1,"female",2,30,"own",1,1,"no","foreign"
"72",0,"NoAccount",7,"terrible","goods/repair",730,"DM0-100","7+years",4,"male",2,46,"rent",2,1,"yes","foreign"
"73",0,"<DM0",8,"terrible","biz",1164,"DM0-100","7+years",3,"male",4,51,"forfree",2,2,"yes","foreign"
"74",0,"DM0-200",42,"terrible","biz",5954,"DM0-100","1-7years",2,"female",1,41,"own",2,1,"no","foreign"
"75",1,"<DM0",36,"poor","edu",1977,"DM0-100","7+years",4,"male",4,40,"own",1,1,"yes","foreign"
"76",0,"<DM0",12,"terrible","usedcar",1526,"DM0-100","7+years",4,"male",4,66,"forfree",2,1,"no","foreign"
"77",1,"<DM0",42,"poor","goods/repair",3965,"DM0-100","0-1year",4,"male",3,34,"own",1,1,"no","foreign"
"78",0,"DM0-200",11,"poor","goods/repair",4771,"DM0-100","1-7years",2,"male",4,51,"own",1,1,"no","foreign"
"79",0,"NoAccount",54,"good","usedcar",9436,"DM0-100","1-7years",2,"male",2,39,"own",1,2,"no","foreign"
"80",0,"DM0-200",30,"poor","goods/repair",3832,"DM0-100","0-1year",2,"male",1,22,"own",1,1,"no","foreign"
"81",1,"NoAccount",24,"poor","goods/repair",5943,"DM0-100","0-1year",1,"female",1,44,"own",2,1,"yes","foreign"
"82",0,"NoAccount",15,"poor","goods/repair",1213,"DM100-1000","7+years",4,"male",3,47,"own",1,1,"yes","foreign"
"83",0,"NoAccount",18,"poor","biz",1568,"DM100-1000","1-7years",3,"female",4,24,"rent",1,1,"no","foreign"
"84",0,"<DM0",24,"poor","biz",1755,"DM0-100","7+years",4,"female",4,58,"own",1,1,"yes","foreign"
"85",0,"<DM0",10,"poor","goods/repair",2315,"DM0-100","7+years",3,"male",4,52,"own",1,1,"no","foreign"
"86",0,"NoAccount",12,"terrible","biz",1412,"DM0-100","1-7years",4,"female",2,29,"own",2,1,"yes","foreign"
"87",0,"DM0-200",18,"terrible","goods/repair",1295,"DM0-100","0-1year",4,"female",1,27,"own",2,1,"no","foreign"
"88",1,"DM0-200",36,"poor","edu",12612,"DM100-1000","1-7years",1,"male",4,47,"forfree",1,2,"yes","foreign"
"89",0,"<DM0",18,"poor","newcar",2249,"DM100-1000","1-7years",4,"male",3,30,"own",1,2,"yes","foreign"
"90",1,"<DM0",12,"good","goods/repair",1108,"DM0-100","1-7years",4,"male",3,28,"own",2,1,"no","foreign"
"91",0,"NoAccount",12,"terrible","goods/repair",618,"DM0-100","7+years",4,"male",4,56,"own",1,1,"no","foreign"
"92",0,"<DM0",12,"terrible","usedcar",1409,"DM0-100","7+years",4,"male",3,54,"own",1,1,"no","foreign"
"93",1,"NoAccount",12,"terrible","goods/repair",797,"DM0-100","7+years",4,"female",3,33,"own",1,2,"no","foreign"
"94",0,"DM200+",24,"terrible","goods/repair",3617,"DM0-100","7+years",4,"male",4,20,"rent",2,1,"no","foreign"
"95",0,"DM0-200",12,"poor","newcar",1318,"DM1000+","7+years",4,"male",4,54,"own",1,1,"yes","foreign"
"96",1,"DM0-200",54,"good","biz",15945,"DM0-100","0-1year",3,"male",4,58,"rent",1,1,"yes","foreign"
"97",0,"NoAccount",12,"terrible","edu",2012,"DM0-100","1-7years",4,"female",2,61,"own",1,1,"no","foreign"
"98",0,"DM0-200",18,"poor","biz",2622,"DM100-1000","1-7years",4,"male",4,34,"own",1,1,"no","foreign"
"99",0,"DM0-200",36,"terrible","goods/repair",2337,"DM0-100","7+years",4,"male",4,36,"own",1,1,"no","foreign"
"100",0,"DM0-200",20,"poor","usedcar",7057,"DM0-100","1-7years",3,"male",4,36,"rent",2,2,"yes","foreign"
"101",0,"NoAccount",24,"poor","newcar",1469,"DM100-1000","7+years",4,"male",4,41,"rent",1,1,"no","foreign"
"102",0,"DM0-200",36,"poor","goods/repair",2323,"DM0-100","1-7years",4,"male",4,24,"rent",1,1,"no","foreign"
"103",0,"NoAccount",6,"poor","goods/repair",932,"DM0-100","1-7years",3,"female",2,24,"own",1,1,"no","foreign"
"104",0,"DM0-200",9,"terrible","goods/repair",1919,"DM0-100","1-7years",4,"male",3,35,"rent",1,1,"yes","foreign"
"105",0,"NoAccount",12,"poor","usedcar",2445,"DM0-100","0-1year",2,"male",4,26,"rent",1,1,"yes","foreign"
"106",1,"DM0-200",24,"terrible","biz",11938,"DM0-100","1-7years",2,"male",3,39,"own",2,2,"yes","foreign"
"107",1,"NoAccount",18,"good","newcar",6458,"DM0-100","7+years",2,"male",4,39,"own",2,2,"yes","foreign"
"108",0,"DM0-200",12,"poor","newcar",6078,"DM0-100","1-7years",2,"male",2,32,"own",1,1,"no","foreign"
"109",0,"<DM0",24,"poor","goods/repair",7721,"DM0-100","0-1year",1,"female",2,30,"own",1,1,"yes","german"
"110",0,"DM0-200",14,"poor","biz",1410,"DM100-1000","7+years",1,"male",2,35,"own",1,1,"yes","foreign"
"111",0,"DM0-200",6,"poor","biz",1449,"DM100-1000","7+years",1,"male",2,31,"own",2,2,"no","foreign"
"112",0,"DM200+",15,"poor","edu",392,"DM0-100","0-1year",4,"female",4,23,"rent",1,1,"yes","foreign"
"113",0,"DM0-200",18,"poor","newcar",6260,"DM0-100","1-7years",3,"male",3,28,"rent",1,1,"no","foreign"
"114",1,"NoAccount",36,"terrible","newcar",7855,"DM0-100","1-7years",4,"female",2,25,"own",2,1,"yes","foreign"
"115",0,"<DM0",12,"poor","goods/repair",1680,"DM100-1000","7+years",3,"male",1,35,"own",1,1,"no","foreign"
"116",0,"NoAccount",48,"terrible","goods/repair",3578,"DM0-100","7+years",4,"male",1,47,"own",1,1,"yes","foreign"
"117",1,"<DM0",42,"poor","goods/repair",7174,"DM0-100","1-7years",4,"female",3,30,"own",1,1,"yes","foreign"
"118",0,"<DM0",10,"terrible","goods/repair",2132,"DM0-100","0-1year",2,"female",3,27,"rent",2,1,"no","german"
"119",1,"<DM0",33,"terrible","goods/repair",4281,"DM100-1000","1-7years",1,"female",4,23,"own",2,1,"no","foreign"
"120",0,"DM0-200",12,"terrible","newcar",2366,"DM100-1000","1-7years",3,"male",3,36,"own",1,1,"yes","foreign"
"121",1,"<DM0",21,"poor","goods/repair",1835,"DM0-100","1-7years",3,"female",2,25,"own",2,1,"yes","foreign"
"122",0,"NoAccount",24,"terrible","usedcar",3868,"DM0-100","7+years",4,"female",2,41,"rent",2,1,"yes","foreign"
"123",0,"NoAccount",12,"poor","goods/repair",1768,"DM0-100","1-7years",3,"male",2,24,"rent",1,1,"no","foreign"
"124",0,"DM200+",10,"terrible","newcar",781,"DM0-100","7+years",4,"male",4,63,"forfree",2,1,"yes","foreign"
"125",1,"DM0-200",18,"poor","goods/repair",1924,"DM0-100","0-1year",4,"female",3,27,"rent",1,1,"no","foreign"
"126",0,"<DM0",12,"terrible","newcar",2121,"DM0-100","1-7years",4,"male",2,30,"own",2,1,"no","foreign"
"127",0,"<DM0",12,"poor","goods/repair",701,"DM0-100","1-7years",4,"male",2,40,"own",1,1,"no","foreign"
"128",1,"DM0-200",12,"poor","goods/repair",639,"DM0-100","1-7years",4,"male",2,30,"own",1,1,"no","foreign"
"129",0,"DM0-200",12,"terrible","usedcar",1860,"DM0-100","unemployed",4,"male",2,34,"own",2,1,"yes","foreign"
"130",1,"<DM0",12,"terrible","newcar",3499,"DM0-100","1-7years",3,"female",2,29,"own",2,1,"no","foreign"
"131",0,"DM0-200",48,"poor","newcar",8487,"DM0-100","1-7years",1,"female",2,24,"own",1,1,"no","foreign"
"132",1,"<DM0",36,"poor","edu",6887,"DM0-100","1-7years",4,"male",3,29,"own",1,1,"yes","foreign"
"133",0,"NoAccount",15,"poor","goods/repair",2708,"DM0-100","0-1year",2,"male",3,27,"own",2,1,"no","foreign"
"134",0,"NoAccount",18,"poor","goods/repair",1984,"DM0-100","1-7years",4,"male",4,47,"forfree",2,1,"no","foreign"
"135",0,"NoAccount",60,"poor","goods/repair",10144,"DM100-1000","1-7years",2,"female",4,21,"own",1,1,"yes","foreign"
"136",0,"NoAccount",12,"terrible","goods/repair",1240,"DM0-100","7+years",4,"female",2,38,"own",2,1,"yes","foreign"
"137",0,"NoAccount",27,"poor","usedcar",8613,"DM1000+","1-7years",2,"male",2,27,"own",2,1,"no","foreign"
"138",1,"DM0-200",12,"poor","goods/repair",766,"DM100-1000","1-7years",4,"male",3,66,"own",1,1,"no","foreign"
"139",0,"DM0-200",15,"terrible","goods/repair",2728,"DM0-100","1-7years",4,"male",2,35,"own",3,1,"yes","foreign"
"140",0,"DM200+",12,"poor","goods/repair",1881,"DM0-100","1-7years",2,"female",2,44,"rent",1,1,"yes","foreign"
"141",0,"DM200+",6,"poor","newcar",709,"DM1000+","0-1year",2,"male",2,27,"own",1,1,"no","german"
"142",0,"DM0-200",36,"poor","goods/repair",4795,"DM0-100","0-1year",4,"female",1,30,"own",1,1,"yes","foreign"
"143",0,"<DM0",27,"poor","goods/repair",3416,"DM0-100","1-7years",3,"male",2,27,"own",1,1,"no","foreign"
"144",1,"<DM0",18,"poor","goods/repair",2462,"DM0-100","1-7years",2,"male",2,22,"own",1,1,"no","foreign"
"145",0,"NoAccount",21,"terrible","goods/repair",2288,"DM0-100","0-1year",4,"female",4,23,"own",1,1,"yes","foreign"
"146",0,"DM0-200",48,"good","biz",3566,"DM100-1000","1-7years",4,"male",2,30,"own",1,1,"no","foreign"
"147",0,"<DM0",6,"terrible","newcar",860,"DM0-100","7+years",1,"female",4,39,"own",2,1,"yes","foreign"
"148",0,"NoAccount",12,"terrible","newcar",682,"DM100-1000","1-7years",4,"female",3,51,"own",2,1,"yes","foreign"
"149",0,"<DM0",36,"terrible","goods/repair",5371,"DM0-100","1-7years",3,"male",2,28,"own",2,1,"no","foreign"
"150",0,"NoAccount",18,"terrible","goods/repair",1582,"DM1000+","7+years",4,"male",4,46,"own",2,1,"no","foreign"
"151",0,"NoAccount",6,"poor","goods/repair",1346,"DM100-1000","7+years",2,"male",4,42,"forfree",1,2,"yes","foreign"
"152",0,"NoAccount",10,"poor","goods/repair",1924,"DM0-100","1-7years",1,"male",4,38,"own",1,1,"yes","german"
"153",0,"DM200+",36,"poor","goods/repair",5848,"DM0-100","1-7years",4,"male",1,24,"own",1,1,"no","foreign"
"154",0,"DM0-200",24,"terrible","usedcar",7758,"DM1000+","7+years",2,"female",4,29,"rent",1,1,"no","foreign"
"155",0,"DM0-200",24,"poor","biz",6967,"DM100-1000","1-7years",4,"male",4,36,"rent",1,1,"yes","foreign"
"156",1,"<DM0",12,"poor","goods/repair",1282,"DM0-100","1-7years",2,"female",4,20,"rent",1,1,"no","foreign"
"157",0,"<DM0",9,"terrible","goods/repair",1288,"DM100-1000","7+years",3,"male",4,48,"own",2,2,"no","german"
"158",0,"<DM0",12,"good","edu",339,"DM0-100","7+years",4,"male",1,45,"own",1,1,"no","foreign"
"159",0,"DM0-200",24,"poor","newcar",3512,"DM100-1000","1-7years",2,"male",3,38,"own",2,1,"yes","foreign"
"160",0,"NoAccount",6,"terrible","goods/repair",1898,"DM0-100","1-7years",1,"male",2,34,"own",2,2,"no","foreign"
"161",0,"NoAccount",24,"terrible","goods/repair",2872,"DM100-1000","7+years",3,"male",4,36,"own",1,2,"yes","foreign"
"162",0,"NoAccount",18,"terrible","newcar",1055,"DM0-100","0-1year",4,"female",1,30,"own",2,1,"no","foreign"
"163",0,"NoAccount",15,"poor","goods/repair",1262,"DM100-1000","1-7years",4,"male",3,36,"own",2,1,"yes","foreign"
"164",0,"DM0-200",10,"poor","newcar",7308,"DM0-100","unemployed",2,"male",4,70,"forfree",1,1,"yes","foreign"
"165",0,"NoAccount",36,"poor","newcar",909,"DM100-1000","7+years",4,"male",4,36,"own",1,1,"no","foreign"
"166",0,"NoAccount",6,"poor","goods/repair",2978,"DM100-1000","1-7years",1,"male",2,32,"own",1,1,"yes","foreign"
"167",1,"<DM0",18,"poor","goods/repair",1131,"DM0-100","unemployed",4,"female",2,33,"own",1,1,"no","foreign"
"168",0,"DM0-200",11,"poor","goods/repair",1577,"DM1000+","0-1year",4,"female",1,20,"own",1,1,"no","foreign"
"169",0,"NoAccount",24,"poor","goods/repair",3972,"DM0-100","1-7years",2,"female",4,25,"rent",1,1,"yes","foreign"
"170",1,"DM0-200",24,"terrible","biz",1935,"DM0-100","7+years",4,"male",4,31,"own",2,1,"yes","foreign"
"171",1,"<DM0",15,"good","newcar",950,"DM0-100","7+years",4,"male",3,33,"rent",2,2,"no","foreign"
"172",0,"NoAccount",12,"poor","goods/repair",763,"DM0-100","1-7years",4,"female",1,26,"own",1,1,"yes","foreign"
"173",1,"DM0-200",24,"poor","goods/repair",2064,"DM0-100","unemployed",3,"female",2,34,"own",1,1,"yes","foreign"
"174",0,"DM0-200",8,"poor","goods/repair",1414,"DM0-100","1-7years",4,"male",2,33,"own",1,1,"no","german"
"175",1,"<DM0",21,"poor","edu",3414,"DM0-100","0-1year",2,"male",1,26,"own",2,1,"no","foreign"
"176",1,"NoAccount",30,"good","usedcar",7485,"DM0-100","unemployed",4,"female",1,53,"own",1,1,"yes","foreign"
"177",0,"<DM0",12,"poor","goods/repair",2577,"DM0-100","1-7years",2,"male",1,42,"own",1,1,"no","foreign"
"178",0,"<DM0",6,"terrible","goods/repair",338,"DM100-1000","7+years",4,"male",4,52,"own",2,1,"no","foreign"
"179",0,"NoAccount",12,"poor","goods/repair",1963,"DM0-100","1-7years",4,"male",2,31,"rent",2,2,"yes","foreign"
"180",0,"<DM0",21,"terrible","newcar",571,"DM0-100","7+years",4,"male",4,65,"own",2,1,"no","foreign"
"181",1,"NoAccount",36,"poor","biz",9572,"DM0-100","0-1year",1,"male",1,28,"own",2,1,"no","foreign"
"182",1,"DM0-200",36,"poor","biz",4455,"DM0-100","1-7years",2,"male",2,30,"own",2,1,"yes","foreign"
"183",1,"<DM0",21,"good","newcar",1647,"DM0-100","1-7years",4,"male",2,40,"own",2,2,"no","foreign"
"184",0,"NoAccount",24,"terrible","goods/repair",3777,"DM1000+","1-7years",4,"male",4,50,"own",1,1,"yes","foreign"
"185",1,"DM0-200",18,"terrible","newcar",884,"DM0-100","7+years",4,"male",4,36,"own",1,2,"yes","foreign"
"186",0,"NoAccount",15,"terrible","goods/repair",1360,"DM0-100","1-7years",4,"male",2,31,"own",2,1,"no","foreign"
"187",1,"DM0-200",9,"good","usedcar",5129,"DM0-100","7+years",2,"female",4,74,"forfree",1,2,"yes","foreign"
"188",0,"DM0-200",16,"terrible","newcar",1175,"DM0-100","unemployed",2,"male",3,68,"forfree",3,1,"yes","foreign"
"189",1,"<DM0",12,"poor","goods/repair",674,"DM100-1000","1-7years",4,"male",1,20,"own",1,1,"no","foreign"
"190",0,"DM0-200",18,"good","goods/repair",3244,"DM0-100","1-7years",1,"female",4,33,"own",2,1,"yes","foreign"
"191",1,"NoAccount",24,"poor","biz",4591,"DM1000+","1-7years",2,"male",3,54,"own",3,1,"yes","foreign"
"192",1,"DM0-200",48,"good","biz",3844,"DM100-1000","1-7years",4,"male",4,34,"forfree",1,2,"no","foreign"
"193",1,"DM0-200",27,"poor","biz",3915,"DM0-100","1-7years",4,"male",2,36,"own",1,2,"yes","foreign"
"194",0,"NoAccount",6,"poor","goods/repair",2108,"DM0-100","1-7years",2,"male",2,29,"rent",1,1,"no","foreign"
"195",1,"DM0-200",45,"poor","goods/repair",3031,"DM100-1000","1-7years",4,"male",4,21,"rent",1,1,"no","foreign"
"196",1,"DM0-200",9,"terrible","edu",1501,"DM0-100","7+years",2,"female",3,34,"own",2,1,"yes","foreign"
"197",0,"NoAccount",6,"terrible","goods/repair",1382,"DM0-100","1-7years",1,"female",1,28,"own",2,1,"yes","foreign"
"198",1,"DM0-200",12,"poor","goods/repair",951,"DM100-1000","0-1year",4,"female",4,27,"rent",4,1,"no","foreign"
"199",0,"DM0-200",24,"poor","usedcar",2760,"DM0-100","7+years",4,"male",4,36,"forfree",1,1,"yes","foreign"
"200",1,"DM0-200",18,"poor","goods/repair",4297,"DM0-100","7+years",4,"male",3,40,"own",1,1,"yes","foreign"
"201",0,"NoAccount",9,"terrible","edu",936,"DM100-1000","7+years",4,"male",2,52,"own",2,1,"yes","foreign"
"202",0,"<DM0",12,"poor","newcar",1168,"DM0-100","1-7years",4,"male",3,27,"own",1,1,"no","foreign"
"203",0,"NoAccount",27,"poor","biz",5117,"DM0-100","1-7years",3,"male",4,26,"own",2,1,"no","foreign"
"204",1,"<DM0",12,"poor","edu",902,"DM0-100","1-7years",4,"male",4,21,"rent",1,1,"no","foreign"
"205",0,"NoAccount",12,"terrible","newcar",1495,"DM0-100","7+years",4,"male",1,38,"own",2,2,"no","foreign"
"206",0,"<DM0",30,"terrible","usedcar",10623,"DM0-100","7+years",3,"male",4,38,"forfree",3,2,"yes","foreign"
"207",0,"NoAccount",12,"terrible","goods/repair",1935,"DM0-100","7+years",4,"male",4,43,"own",3,1,"yes","foreign"
"208",0,"DM0-200",12,"terrible","goods/repair",1424,"DM0-100","1-7years",4,"male",3,26,"own",1,1,"no","foreign"
"209",0,"<DM0",24,"poor","biz",6568,"DM0-100","1-7years",2,"male",2,21,"own",1,1,"no","foreign"
"210",0,"NoAccount",12,"poor","usedcar",1413,"DM1000+","1-7years",3,"male",2,55,"own",1,1,"no","german"
"211",0,"NoAccount",9,"terrible","goods/repair",3074,"DM0-100","1-7years",1,"male",2,33,"own",2,2,"no","foreign"
"212",0,"NoAccount",36,"poor","goods/repair",3835,"DM0-100","7+years",2,"female",4,45,"own",1,1,"yes","foreign"
"213",1,"<DM0",27,"good","biz",5293,"DM0-100","unemployed",2,"male",4,50,"own",2,1,"yes","foreign"
"214",1,"DM200+",30,"poor","biz",1908,"DM0-100","7+years",4,"male",4,66,"own",1,1,"yes","foreign"
"215",0,"NoAccount",36,"terrible","goods/repair",3342,"DM0-100","7+years",4,"male",2,51,"own",1,1,"yes","foreign"
"216",0,"DM0-200",6,"terrible","edu",932,"DM0-100","1-7years",1,"female",3,39,"own",2,1,"no","foreign"
"217",0,"<DM0",18,"good","biz",3104,"DM0-100","1-7years",3,"male",1,31,"own",1,1,"yes","foreign"
"218",0,"DM200+",36,"poor","goods/repair",3913,"DM0-100","1-7years",2,"male",2,23,"own",1,1,"yes","foreign"
"219",0,"<DM0",24,"poor","goods/repair",3021,"DM0-100","1-7years",2,"male",2,24,"rent",1,1,"no","foreign"
"220",0,"NoAccount",10,"poor","newcar",1364,"DM0-100","1-7years",2,"female",4,64,"own",1,1,"yes","foreign"
"221",0,"DM0-200",12,"poor","goods/repair",625,"DM0-100","0-1year",4,"male",1,26,"own",1,1,"no","foreign"
"222",0,"<DM0",12,"poor","edu",1200,"DM0-100","1-7years",4,"female",4,23,"rent",1,1,"yes","foreign"
"223",0,"NoAccount",12,"poor","goods/repair",707,"DM0-100","1-7years",4,"male",2,30,"own",2,1,"no","foreign"
"224",0,"NoAccount",24,"poor","biz",2978,"DM0-100","1-7years",4,"male",4,32,"own",2,2,"yes","foreign"
"225",0,"NoAccount",15,"poor","usedcar",4657,"DM0-100","1-7years",3,"male",2,30,"own",1,1,"yes","foreign"
"226",0,"NoAccount",36,"good","goods/repair",2613,"DM0-100","1-7years",4,"male",2,27,"own",2,1,"no","foreign"
"227",1,"DM0-200",48,"poor","goods/repair",10961,"DM1000+","1-7years",1,"male",2,27,"own",2,1,"yes","foreign"
"228",1,"<DM0",12,"poor","goods/repair",7865,"DM0-100","7+years",4,"male",4,53,"forfree",1,1,"yes","foreign"
"229",1,"NoAccount",9,"poor","goods/repair",1478,"DM0-100","1-7years",4,"male",2,22,"own",1,1,"no","foreign"
"230",0,"<DM0",24,"poor","goods/repair",3149,"DM0-100","0-1year",4,"male",1,22,"forfree",1,1,"no","foreign"
"231",1,"DM200+",36,"poor","goods/repair",4210,"DM0-100","1-7years",4,"male",2,26,"own",1,1,"no","foreign"
"232",0,"NoAccount",9,"poor","newcar",2507,"DM100-1000","7+years",2,"male",4,51,"forfree",1,1,"no","foreign"
"233",0,"NoAccount",12,"poor","goods/repair",2141,"DM100-1000","1-7years",3,"male",1,35,"own",1,1,"no","foreign"
"234",0,"DM0-200",18,"poor","goods/repair",866,"DM0-100","1-7years",4,"male",2,25,"own",1,1,"no","foreign"
"235",0,"NoAccount",4,"terrible","goods/repair",1544,"DM0-100","1-7years",2,"male",1,42,"own",3,2,"no","foreign"
"236",1,"<DM0",24,"poor","goods/repair",1823,"DM0-100","unemployed",4,"male",2,30,"own",1,2,"no","foreign"
"237",1,"DM0-200",6,"poor","newcar",14555,"DM0-100","unemployed",1,"male",2,23,"own",1,1,"yes","foreign"
"238",1,"DM0-200",21,"poor","biz",2767,"DM100-1000","7+years",4,"male",2,61,"rent",2,1,"no","foreign"
"239",0,"NoAccount",12,"terrible","goods/repair",1291,"DM0-100","1-7years",4,"female",2,35,"own",2,1,"no","foreign"
"240",0,"<DM0",30,"poor","goods/repair",2522,"DM0-100","7+years",1,"male",3,39,"own",1,2,"no","foreign"
"241",1,"<DM0",24,"poor","newcar",915,"DM0-100","7+years",4,"female",2,29,"own",1,1,"no","foreign"
"242",0,"NoAccount",6,"poor","goods/repair",1595,"DM0-100","1-7years",3,"male",2,51,"own",1,2,"no","foreign"
"243",1,"<DM0",48,"good","usedcar",4605,"DM0-100","7+years",3,"male",4,24,"forfree",2,2,"no","foreign"
"244",0,"NoAccount",12,"terrible","biz",1185,"DM0-100","1-7years",3,"female",2,27,"own",2,1,"no","foreign"
"245",0,"NoAccount",12,"good","edu",3447,"DM100-1000","1-7years",4,"female",3,35,"own",1,2,"no","foreign"
"246",0,"NoAccount",24,"poor","biz",1258,"DM0-100","1-7years",4,"male",1,25,"own",1,1,"yes","foreign"
"247",0,"NoAccount",12,"terrible","goods/repair",717,"DM0-100","7+years",4,"male",4,52,"own",3,1,"no","foreign"
"248",0,"NoAccount",6,"good","newcar",1204,"DM100-1000","1-7years",4,"male",1,35,"rent",1,1,"no","german"
"249",0,"DM200+",24,"poor","goods/repair",1925,"DM0-100","1-7years",2,"male",2,26,"own",1,1,"no","foreign"
"250",1,"NoAccount",18,"poor","goods/repair",433,"DM0-100","unemployed",3,"female",4,22,"rent",1,1,"no","foreign"
"251",0,"<DM0",6,"terrible","newcar",666,"DM1000+","1-7years",3,"female",4,39,"own",2,1,"yes","foreign"
"252",0,"DM200+",12,"poor","goods/repair",2251,"DM0-100","1-7years",1,"female",2,46,"own",1,1,"no","foreign"
"253",1,"DM0-200",30,"poor","newcar",2150,"DM0-100","1-7years",4,"female",2,24,"own",1,1,"no","foreign"
"254",0,"NoAccount",24,"poor","goods/repair",4151,"DM100-1000","1-7years",2,"male",3,35,"own",2,1,"no","foreign"
"255",0,"DM0-200",9,"poor","goods/repair",2030,"DM0-100","1-7years",2,"male",1,24,"own",1,1,"yes","foreign"
"256",0,"DM0-200",60,"poor","goods/repair",7418,"DM0-100","1-7years",1,"male",1,27,"own",1,1,"no","foreign"
"257",0,"NoAccount",24,"terrible","goods/repair",2684,"DM0-100","1-7years",4,"male",2,35,"own",2,1,"no","foreign"
"258",1,"<DM0",12,"good","goods/repair",2149,"DM0-100","1-7years",4,"male",1,29,"forfree",1,1,"no","foreign"
"259",0,"NoAccount",15,"poor","usedcar",3812,"DM100-1000","0-1year",1,"female",4,23,"own",1,1,"yes","foreign"
"260",0,"NoAccount",11,"terrible","goods/repair",1154,"DM100-1000","unemployed",4,"female",4,57,"own",3,1,"no","foreign"
"261",0,"<DM0",12,"poor","goods/repair",1657,"DM0-100","1-7years",2,"male",2,27,"own",1,1,"no","foreign"
"262",0,"<DM0",24,"poor","goods/repair",1603,"DM0-100","7+years",4,"female",4,55,"own",1,1,"no","foreign"
"263",0,"<DM0",18,"terrible","newcar",5302,"DM0-100","7+years",2,"male",4,36,"forfree",3,1,"yes","foreign"
"264",0,"NoAccount",12,"terrible","edu",2748,"DM0-100","7+years",2,"female",4,57,"forfree",3,1,"no","foreign"
"265",0,"NoAccount",10,"terrible","newcar",1231,"DM0-100","7+years",3,"male",4,32,"own",2,2,"no","german"
"266",1,"DM0-200",15,"poor","goods/repair",802,"DM0-100","7+years",4,"male",3,37,"own",1,2,"no","foreign"
"267",0,"NoAccount",36,"terrible","biz",6304,"DM0-100","7+years",4,"male",4,36,"own",2,1,"no","foreign"
"268",0,"NoAccount",24,"poor","goods/repair",1533,"DM0-100","0-1year",4,"female",3,38,"own",1,1,"yes","foreign"
"269",1,"<DM0",14,"poor","newcar",8978,"DM0-100","7+years",1,"male",4,45,"own",1,1,"yes","german"
"270",0,"NoAccount",24,"poor","goods/repair",999,"DM0-100","7+years",4,"male",2,25,"own",2,1,"no","foreign"
"271",0,"NoAccount",18,"poor","newcar",2662,"DM0-100","1-7years",4,"male",3,32,"own",1,1,"no","german"
"272",0,"NoAccount",12,"terrible","goods/repair",1402,"DM100-1000","1-7years",3,"female",4,37,"rent",1,1,"yes","foreign"
"273",0,"DM0-200",48,"good","newcar",12169,"DM0-100","unemployed",4,"male",4,36,"forfree",1,1,"yes","foreign"
"274",1,"DM0-200",48,"poor","goods/repair",3060,"DM0-100","1-7years",4,"male",4,28,"own",2,1,"no","foreign"
"275",1,"<DM0",30,"poor","goods/repair",11998,"DM0-100","0-1year",1,"male",1,34,"own",1,1,"yes","foreign"
"276",0,"NoAccount",9,"poor","goods/repair",2697,"DM0-100","1-7years",1,"male",2,32,"own",1,2,"no","foreign"
"277",0,"NoAccount",18,"terrible","goods/repair",2404,"DM0-100","1-7years",2,"female",2,26,"own",2,1,"no","foreign"
"278",0,"<DM0",12,"poor","goods/repair",1262,"DM0-100","7+years",2,"male",4,49,"own",1,1,"yes","foreign"
"279",1,"NoAccount",6,"poor","goods/repair",4611,"DM0-100","0-1year",1,"female",4,32,"own",1,1,"no","foreign"
"280",0,"NoAccount",24,"poor","goods/repair",1901,"DM100-1000","1-7years",4,"male",4,29,"rent",1,1,"yes","foreign"
"281",0,"NoAccount",15,"terrible","usedcar",3368,"DM1000+","7+years",3,"male",4,23,"rent",2,1,"yes","foreign"
"282",0,"NoAccount",12,"poor","goods/repair",1574,"DM0-100","1-7years",4,"male",2,50,"own",1,1,"no","foreign"
"283",0,"DM200+",18,"good","goods/repair",1445,"DM0-100","1-7years",4,"male",4,49,"own",1,1,"no","foreign"
"284",0,"NoAccount",15,"terrible","goods/repair",1520,"DM0-100","7+years",4,"male",4,63,"own",1,1,"no","foreign"
"285",0,"DM0-200",24,"terrible","newcar",3878,"DM100-1000","0-1year",4,"male",2,37,"own",1,1,"yes","foreign"
"286",0,"<DM0",47,"poor","newcar",10722,"DM0-100","0-1year",1,"female",1,35,"own",1,1,"yes","foreign"
"287",0,"<DM0",48,"poor","usedcar",4788,"DM0-100","1-7years",4,"male",3,26,"own",1,2,"no","foreign"
"288",0,"DM0-200",48,"poor","biz",7582,"DM100-1000","unemployed",2,"male",4,31,"forfree",1,1,"yes","foreign"
"289",0,"DM0-200",12,"poor","goods/repair",1092,"DM0-100","1-7years",4,"female",4,49,"own",2,1,"yes","foreign"
"290",1,"<DM0",24,"poor","goods/repair",1024,"DM0-100","0-1year",4,"male",4,48,"own",1,1,"no","foreign"
"291",0,"NoAccount",12,"poor","biz",1076,"DM0-100","1-7years",2,"male",2,26,"own",1,1,"yes","german"
"292",1,"DM0-200",36,"poor","usedcar",9398,"DM0-100","0-1year",1,"male",4,28,"rent",1,1,"yes","foreign"
"293",0,"<DM0",24,"terrible","usedcar",6419,"DM0-100","7+years",2,"female",4,44,"forfree",2,2,"yes","foreign"
"294",0,"DM200+",42,"terrible","usedcar",4796,"DM0-100","7+years",4,"male",4,56,"forfree",1,1,"no","foreign"
"295",0,"NoAccount",48,"terrible","biz",7629,"DM0-100","7+years",4,"male",2,46,"own",2,2,"no","foreign"
"296",1,"DM0-200",48,"poor","goods/repair",9960,"DM0-100","0-1year",1,"female",2,26,"own",1,1,"yes","foreign"
"297",0,"NoAccount",12,"poor","usedcar",4675,"DM0-100","0-1year",1,"female",4,20,"rent",1,1,"no","foreign"
"298",0,"NoAccount",10,"poor","newcar",1287,"DM0-100","7+years",4,"male",2,45,"own",1,1,"no","german"
"299",0,"NoAccount",18,"poor","goods/repair",2515,"DM0-100","1-7years",3,"male",4,43,"own",1,1,"yes","foreign"
"300",0,"DM0-200",21,"terrible","goods/repair",2745,"DM1000+","1-7years",3,"male",2,32,"own",2,1,"yes","foreign"
"301",0,"NoAccount",6,"poor","newcar",672,"DM0-100","unemployed",1,"female",4,54,"own",1,1,"yes","foreign"
"302",1,"DM0-200",36,"good","goods/repair",3804,"DM0-100","1-7years",4,"female",1,42,"own",1,1,"yes","foreign"
"303",1,"DM200+",24,"terrible","newcar",1344,"DM0-100","1-7years",4,"male",2,37,"own",2,2,"no","foreign"
"304",0,"<DM0",10,"terrible","newcar",1038,"DM0-100","1-7years",4,"male",3,49,"own",2,1,"yes","foreign"
"305",1,"NoAccount",48,"terrible","newcar",10127,"DM100-1000","1-7years",2,"male",2,44,"forfree",1,1,"no","foreign"
"306",0,"NoAccount",6,"poor","goods/repair",1543,"DM1000+","1-7years",4,"male",2,33,"own",1,1,"no","foreign"
"307",0,"NoAccount",30,"poor","usedcar",4811,"DM0-100","1-7years",2,"female",4,24,"rent",1,1,"no","foreign"
"308",1,"<DM0",12,"poor","goods/repair",727,"DM100-1000","0-1year",4,"male",3,33,"own",1,1,"yes","foreign"
"309",1,"DM0-200",8,"poor","goods/repair",1237,"DM0-100","1-7years",3,"female",4,24,"own",1,1,"no","foreign"
"310",0,"DM0-200",9,"poor","newcar",276,"DM0-100","1-7years",4,"male",4,22,"rent",1,1,"no","foreign"
"311",0,"DM0-200",48,"poor","biz",5381,"DM0-100","unemployed",3,"male",4,40,"forfree",1,1,"yes","foreign"
"312",0,"NoAccount",24,"poor","goods/repair",5511,"DM100-1000","1-7years",4,"male",1,25,"own",1,1,"no","foreign"
"313",0,"DM200+",24,"poor","goods/repair",3749,"DM0-100","0-1year",2,"female",4,26,"own",1,1,"no","foreign"
"314",1,"DM0-200",12,"poor","newcar",685,"DM0-100","1-7years",2,"male",3,25,"own",1,1,"no","foreign"
"315",0,"DM200+",4,"poor","newcar",1494,"DM0-100","0-1year",1,"male",2,29,"own",1,2,"no","german"
"316",1,"<DM0",36,"good","goods/repair",2746,"DM0-100","7+years",4,"male",4,31,"own",1,1,"no","foreign"
"317",0,"<DM0",12,"poor","goods/repair",708,"DM0-100","1-7years",2,"male",3,38,"own",1,2,"no","foreign"
"318",0,"DM0-200",24,"poor","goods/repair",4351,"DM0-100","1-7years",1,"female",4,48,"own",1,1,"yes","foreign"
"319",0,"NoAccount",12,"terrible","edu",701,"DM0-100","1-7years",4,"male",2,32,"own",2,1,"no","foreign"
"320",0,"<DM0",15,"poor","goods/repair",3643,"DM0-100","7+years",1,"female",4,27,"own",2,1,"no","foreign"
"321",1,"DM0-200",30,"terrible","newcar",4249,"DM0-100","unemployed",4,"male",2,28,"own",2,1,"no","foreign"
"322",1,"<DM0",24,"poor","goods/repair",1938,"DM0-100","0-1year",4,"male",3,32,"own",1,1,"no","foreign"
"323",0,"<DM0",24,"poor","usedcar",2910,"DM0-100","1-7years",2,"male",1,34,"forfree",1,1,"yes","foreign"
"324",0,"<DM0",18,"poor","goods/repair",2659,"DM1000+","1-7years",4,"male",2,28,"own",1,1,"no","foreign"
"325",0,"NoAccount",18,"terrible","newcar",1028,"DM0-100","1-7years",4,"female",3,36,"own",2,1,"no","foreign"
"326",0,"<DM0",8,"terrible","newcar",3398,"DM0-100","1-7years",1,"male",4,39,"own",2,1,"no","german"
"327",0,"NoAccount",12,"terrible","goods/repair",5801,"DM0-100","7+years",2,"male",4,49,"rent",1,1,"yes","foreign"
"328",0,"NoAccount",24,"poor","newcar",1525,"DM1000+","1-7years",4,"female",3,34,"own",1,2,"yes","foreign"
"329",0,"DM200+",36,"poor","goods/repair",4473,"DM0-100","7+years",4,"male",2,31,"own",1,1,"no","foreign"
"330",0,"DM0-200",6,"poor","goods/repair",1068,"DM0-100","7+years",4,"male",4,28,"own",1,2,"no","foreign"
"331",0,"<DM0",24,"terrible","usedcar",6615,"DM0-100","unemployed",2,"male",4,75,"forfree",2,1,"yes","foreign"
"332",1,"NoAccount",18,"terrible","edu",1864,"DM100-1000","1-7years",4,"female",2,30,"own",2,1,"no","foreign"
"333",1,"DM0-200",60,"poor","newcar",7408,"DM100-1000","0-1year",4,"female",2,24,"own",1,1,"no","foreign"
"334",1,"NoAccount",48,"terrible","usedcar",11590,"DM100-1000","1-7years",2,"female",4,24,"rent",2,1,"no","foreign"
"335",1,"<DM0",24,"good","goods/repair",4110,"DM0-100","7+years",3,"male",4,23,"rent",2,2,"no","foreign"
"336",1,"<DM0",6,"terrible","goods/repair",3384,"DM0-100","1-7years",1,"male",4,44,"rent",1,1,"yes","foreign"
"337",0,"DM0-200",13,"poor","goods/repair",2101,"DM0-100","0-1year",2,"female",4,23,"own",1,1,"no","foreign"
"338",1,"<DM0",15,"poor","goods/repair",1275,"DM0-100","1-7years",4,"female",2,24,"rent",1,1,"no","foreign"
"339",0,"<DM0",24,"poor","goods/repair",4169,"DM0-100","1-7years",4,"male",4,28,"own",1,1,"no","foreign"
"340",0,"DM0-200",10,"poor","goods/repair",1521,"DM0-100","1-7years",4,"male",2,31,"own",1,1,"no","foreign"
"341",0,"DM0-200",24,"terrible","edu",5743,"DM0-100","0-1year",2,"female",4,24,"forfree",2,1,"yes","foreign"
"342",0,"<DM0",21,"poor","goods/repair",3599,"DM0-100","1-7years",1,"female",4,26,"rent",1,1,"no","foreign"
"343",0,"DM0-200",18,"poor","goods/repair",3213,"DM100-1000","0-1year",1,"male",3,25,"rent",1,1,"no","foreign"
"344",0,"DM0-200",18,"poor","biz",4439,"DM0-100","7+years",1,"male",1,33,"own",1,1,"yes","foreign"
"345",0,"DM200+",10,"poor","newcar",3949,"DM0-100","0-1year",1,"male",1,37,"own",1,2,"no","foreign"
"346",0,"NoAccount",15,"terrible","goods/repair",1459,"DM0-100","1-7years",4,"female",2,43,"own",1,1,"no","foreign"
"347",0,"DM0-200",13,"terrible","goods/repair",882,"DM0-100","0-1year",4,"male",4,23,"own",2,1,"no","foreign"
"348",0,"DM0-200",24,"poor","goods/repair",3758,"DM100-1000","unemployed",1,"female",4,23,"rent",1,1,"no","foreign"
"349",0,"NoAccount",6,"poor","biz",1743,"DM100-1000","1-7years",1,"male",2,34,"own",2,1,"no","foreign"
"350",1,"DM0-200",9,"terrible","edu",1136,"DM1000+","7+years",4,"male",3,32,"forfree",2,2,"no","foreign"
"351",0,"NoAccount",9,"poor","goods/repair",1236,"DM0-100","0-1year",1,"female",4,23,"rent",1,1,"yes","foreign"
"352",1,"DM0-200",9,"poor","goods/repair",959,"DM0-100","1-7years",1,"female",2,29,"own",1,1,"no","german"
"353",0,"NoAccount",18,"terrible","usedcar",3229,"DM0-100","unemployed",2,"male",4,38,"own",1,1,"yes","foreign"
"354",1,"<DM0",12,"good","goods/repair",6199,"DM0-100","1-7years",4,"male",2,28,"rent",2,1,"yes","foreign"
"355",0,"NoAccount",10,"poor","edu",727,"DM100-1000","7+years",4,"male",4,46,"forfree",1,1,"yes","foreign"
"356",1,"DM0-200",24,"poor","newcar",1246,"DM0-100","0-1year",4,"male",2,23,"own",1,1,"no","foreign"
"357",0,"NoAccount",12,"terrible","goods/repair",2331,"DM0-100","7+years",1,"male",4,49,"own",1,1,"yes","foreign"
"358",1,"NoAccount",36,"poor","goods/repair",4463,"DM0-100","1-7years",4,"male",2,26,"own",2,1,"yes","foreign"
"359",0,"NoAccount",12,"poor","goods/repair",776,"DM0-100","1-7years",4,"male",2,28,"own",1,1,"no","foreign"
"360",1,"<DM0",30,"poor","goods/repair",2406,"DM0-100","1-7years",4,"female",4,23,"rent",1,1,"no","foreign"
"361",0,"DM0-200",18,"poor","edu",1239,"DM0-100","1-7years",4,"male",4,61,"forfree",1,1,"no","foreign"
"362",0,"DM200+",12,"poor","goods/repair",3399,"DM0-100","7+years",2,"male",3,37,"own",1,1,"no","foreign"
"363",0,"DM200+",12,"poor","newcar",2247,"DM0-100","1-7years",2,"female",2,36,"own",2,1,"yes","foreign"
"364",0,"NoAccount",6,"poor","goods/repair",1766,"DM0-100","1-7years",1,"male",2,21,"rent",1,1,"no","foreign"
"365",1,"<DM0",18,"poor","goods/repair",2473,"DM0-100","unemployed",4,"male",1,25,"own",1,1,"no","foreign"
"366",0,"NoAccount",12,"poor","biz",1542,"DM0-100","1-7years",2,"male",4,36,"own",1,1,"yes","foreign"
"367",0,"NoAccount",18,"terrible","usedcar",3850,"DM0-100","1-7years",3,"male",1,27,"own",2,1,"no","foreign"
"368",0,"<DM0",18,"poor","goods/repair",3650,"DM0-100","0-1year",1,"female",4,22,"rent",1,1,"no","foreign"
"369",1,"<DM0",36,"poor","goods/repair",3446,"DM0-100","7+years",4,"male",2,42,"own",1,2,"no","foreign"
"370",0,"DM0-200",18,"poor","goods/repair",3001,"DM0-100","1-7years",2,"female",4,40,"rent",1,1,"no","foreign"
"371",0,"NoAccount",36,"poor","newcar",3079,"DM0-100","1-7years",4,"male",4,36,"own",1,1,"no","foreign"
"372",0,"NoAccount",18,"terrible","goods/repair",6070,"DM0-100","7+years",3,"male",4,33,"own",2,1,"yes","foreign"
"373",0,"NoAccount",10,"terrible","goods/repair",2146,"DM0-100","0-1year",1,"female",3,23,"rent",2,1,"no","foreign"
"374",0,"NoAccount",60,"terrible","newcar",13756,"DM0-100","7+years",2,"male",4,63,"forfree",1,1,"yes","foreign"
"375",1,"DM0-200",60,"good","biz",14782,"DM100-1000","7+years",3,"female",4,60,"forfree",2,1,"yes","foreign"
"376",1,"<DM0",48,"good","biz",7685,"DM0-100","1-7years",2,"female",4,37,"rent",1,1,"no","foreign"
"377",0,"NoAccount",18,"poor","goods/repair",2320,"DM0-100","unemployed",2,"male",3,34,"own",2,1,"no","foreign"
"378",0,"NoAccount",7,"poor","goods/repair",846,"DM0-100","7+years",3,"male",4,36,"forfree",1,1,"no","foreign"
"379",1,"DM0-200",36,"poor","newcar",14318,"DM0-100","7+years",4,"male",2,57,"forfree",1,1,"yes","foreign"
"380",0,"NoAccount",6,"terrible","newcar",362,"DM100-1000","1-7years",4,"female",4,52,"own",2,1,"no","foreign"
"381",0,"<DM0",20,"poor","goods/repair",2212,"DM0-100","1-7years",4,"male",4,39,"own",1,1,"yes","foreign"
"382",1,"DM0-200",18,"poor","usedcar",12976,"DM0-100","unemployed",3,"female",4,38,"forfree",1,1,"yes","foreign"
"383",0,"NoAccount",22,"poor","newcar",1283,"DM0-100","1-7years",4,"female",4,25,"rent",1,1,"no","foreign"
"384",0,"DM200+",12,"poor","newcar",1330,"DM0-100","0-1year",4,"male",1,26,"own",1,1,"no","foreign"
"385",0,"NoAccount",30,"poor","biz",4272,"DM100-1000","1-7years",2,"male",2,26,"own",2,1,"no","foreign"
"386",0,"NoAccount",18,"terrible","goods/repair",2238,"DM0-100","1-7years",2,"female",1,25,"own",2,1,"no","foreign"
"387",0,"NoAccount",18,"poor","goods/repair",1126,"DM0-100","0-1year",4,"female",2,21,"rent",1,1,"yes","foreign"
"388",0,"DM0-200",18,"terrible","goods/repair",7374,"DM0-100","unemployed",4,"male",4,40,"own",2,1,"yes","foreign"
"389",0,"DM0-200",15,"terrible","biz",2326,"DM100-1000","1-7years",2,"male",4,27,"own",1,1,"no","foreign"
"390",0,"NoAccount",9,"poor","biz",1449,"DM0-100","1-7years",3,"female",2,27,"own",2,1,"no","foreign"
"391",0,"NoAccount",18,"poor","newcar",1820,"DM0-100","1-7years",2,"male",2,30,"own",1,1,"yes","foreign"
"392",0,"DM0-200",12,"poor","goods/repair",983,"DM1000+","0-1year",1,"female",4,19,"rent",1,1,"no","foreign"
"393",0,"<DM0",36,"poor","newcar",3249,"DM0-100","1-7years",2,"male",4,39,"forfree",1,2,"yes","foreign"
"394",0,"<DM0",6,"terrible","goods/repair",1957,"DM0-100","1-7years",1,"female",4,31,"own",1,1,"no","foreign"
"395",0,"NoAccount",9,"terrible","goods/repair",2406,"DM0-100","unemployed",2,"male",3,31,"own",1,1,"no","foreign"
"396",0,"DM0-200",39,"poor","edu",11760,"DM100-1000","1-7years",2,"male",3,32,"rent",1,1,"yes","foreign"
"397",0,"<DM0",12,"poor","goods/repair",2578,"DM0-100","unemployed",3,"female",4,55,"forfree",1,1,"no","foreign"
"398",0,"<DM0",36,"terrible","goods/repair",2348,"DM0-100","1-7years",3,"male",2,46,"own",2,1,"yes","foreign"
"399",1,"DM0-200",12,"poor","newcar",1223,"DM0-100","7+years",1,"male",1,46,"rent",2,1,"no","foreign"
"400",0,"NoAccount",24,"terrible","goods/repair",1516,"DM1000+","1-7years",4,"female",1,43,"own",2,1,"no","foreign"
"401",0,"NoAccount",18,"poor","goods/repair",1473,"DM0-100","0-1year",3,"male",4,39,"own",1,1,"yes","foreign"
"402",0,"DM0-200",18,"terrible","biz",1887,"DM0-100","1-7years",4,"male",4,28,"own",2,1,"no","foreign"
"403",1,"NoAccount",24,"poor","biz",8648,"DM0-100","0-1year",2,"male",2,27,"own",2,1,"yes","foreign"
"404",0,"NoAccount",14,"poor","newcar",802,"DM0-100","1-7years",4,"male",2,27,"own",2,1,"no","foreign"
"405",0,"DM0-200",18,"poor","newcar",2899,"DM0-100","7+years",4,"male",4,43,"own",1,2,"no","foreign"
"406",1,"DM0-200",24,"poor","goods/repair",2039,"DM0-100","0-1year",1,"male",1,22,"own",1,1,"yes","foreign"
"407",0,"NoAccount",24,"terrible","usedcar",2197,"DM0-100","1-7years",4,"male",4,43,"own",2,2,"yes","foreign"
"408",0,"<DM0",15,"poor","goods/repair",1053,"DM0-100","0-1year",4,"male",2,27,"own",1,1,"no","german"
"409",0,"NoAccount",24,"poor","goods/repair",3235,"DM100-1000","7+years",3,"male",2,26,"own",1,1,"yes","foreign"
"410",1,"DM200+",12,"terrible","newcar",939,"DM100-1000","1-7years",4,"male",2,28,"own",3,1,"yes","foreign"
"411",0,"DM0-200",24,"poor","goods/repair",1967,"DM0-100","7+years",4,"female",4,20,"own",1,1,"yes","foreign"
"412",0,"NoAccount",33,"terrible","usedcar",7253,"DM0-100","1-7years",3,"male",2,35,"own",2,1,"yes","foreign"
"413",1,"NoAccount",12,"terrible","biz",2292,"DM0-100","unemployed",4,"male",2,42,"own",2,1,"yes","foreign"
"414",0,"NoAccount",10,"poor","newcar",1597,"DM100-1000","1-7years",3,"male",2,40,"rent",1,2,"no","german"
"415",1,"<DM0",24,"poor","newcar",1381,"DM0-100","1-7years",4,"female",2,35,"own",1,1,"no","foreign"
"416",0,"NoAccount",36,"terrible","usedcar",5842,"DM0-100","7+years",2,"male",2,35,"own",2,2,"yes","foreign"
"417",1,"<DM0",12,"poor","newcar",2579,"DM0-100","0-1year",4,"male",1,33,"own",1,2,"no","foreign"
"418",0,"<DM0",18,"poor","edu",8471,"DM0-100","1-7years",1,"female",2,23,"rent",2,1,"yes","foreign"
"419",0,"NoAccount",21,"poor","newcar",2782,"DM100-1000","1-7years",1,"female",2,31,"own",1,1,"no","foreign"
"420",1,"DM0-200",18,"poor","newcar",1042,"DM0-100","1-7years",4,"female",2,33,"own",1,1,"no","foreign"
"421",0,"NoAccount",15,"poor","newcar",3186,"DM1000+","1-7years",2,"female",3,20,"rent",1,1,"no","foreign"
"422",0,"DM0-200",12,"poor","usedcar",2028,"DM0-100","1-7years",4,"male",2,30,"own",1,1,"no","foreign"
"423",0,"DM0-200",12,"terrible","newcar",958,"DM0-100","1-7years",2,"male",3,47,"own",2,2,"no","foreign"
"424",0,"NoAccount",21,"poor","goods/repair",1591,"DM100-1000","1-7years",4,"male",3,34,"own",2,1,"no","foreign"
"425",1,"DM0-200",12,"poor","goods/repair",2762,"DM0-100","7+years",1,"female",2,25,"own",1,1,"yes","foreign"
"426",0,"DM0-200",18,"poor","usedcar",2779,"DM0-100","1-7years",1,"male",3,21,"rent",1,1,"yes","foreign"
"427",0,"NoAccount",28,"terrible","goods/repair",2743,"DM0-100","7+years",4,"male",2,29,"own",2,1,"no","foreign"
"428",0,"NoAccount",18,"terrible","goods/repair",1149,"DM1000+","1-7years",4,"male",3,46,"own",2,1,"no","foreign"
"429",0,"NoAccount",9,"poor","goods/repair",1313,"DM0-100","7+years",1,"male",4,20,"own",1,1,"no","foreign"
"430",1,"<DM0",18,"terrible","goods/repair",1190,"DM0-100","unemployed",2,"female",4,55,"forfree",3,2,"no","foreign"
"431",0,"NoAccount",5,"poor","biz",3448,"DM0-100","1-7years",1,"male",4,74,"own",1,1,"no","foreign"
"432",1,"DM0-200",24,"poor","biz",11328,"DM0-100","1-7years",2,"male",3,29,"own",2,1,"yes","foreign"
"433",0,"<DM0",6,"terrible","goods/repair",1872,"DM0-100","unemployed",4,"male",4,36,"forfree",3,1,"yes","foreign"
"434",0,"NoAccount",24,"terrible","goods/repair",2058,"DM0-100","1-7years",4,"male",2,33,"own",2,1,"yes","foreign"
"435",0,"<DM0",9,"poor","goods/repair",2136,"DM0-100","1-7years",3,"male",2,25,"own",1,1,"no","foreign"
"436",1,"DM0-200",12,"poor","goods/repair",1484,"DM0-100","1-7years",2,"male",1,25,"own",1,1,"yes","foreign"
"437",0,"NoAccount",6,"poor","goods/repair",660,"DM100-1000","1-7years",2,"male",4,23,"rent",1,1,"no","foreign"
"438",0,"NoAccount",24,"terrible","newcar",1287,"DM1000+","7+years",4,"female",4,37,"own",2,1,"yes","foreign"
"439",0,"<DM0",42,"terrible","goods/repair",3394,"DM0-100","unemployed",4,"male",4,65,"own",2,1,"no","foreign"
"440",1,"DM200+",12,"good","biz",609,"DM0-100","0-1year",4,"female",1,26,"own",1,1,"no","foreign"
"441",0,"NoAccount",12,"poor","newcar",1884,"DM0-100","7+years",4,"male",4,39,"own",1,1,"yes","foreign"
"442",0,"<DM0",12,"poor","goods/repair",1620,"DM0-100","1-7years",2,"female",3,30,"own",1,1,"no","foreign"
"443",0,"DM0-200",20,"poor","biz",2629,"DM0-100","1-7years",2,"male",3,29,"own",2,1,"yes","foreign"
"444",1,"NoAccount",12,"poor","edu",719,"DM0-100","7+years",4,"male",4,41,"own",1,2,"no","foreign"
"445",1,"DM0-200",48,"terrible","goods/repair",5096,"DM0-100","1-7years",2,"female",3,30,"own",1,1,"yes","foreign"
"446",0,"NoAccount",9,"terrible","edu",1244,"DM0-100","7+years",4,"female",4,41,"rent",2,1,"no","foreign"
"447",1,"<DM0",36,"poor","newcar",1842,"DM0-100","0-1year",4,"female",4,34,"own",1,1,"yes","foreign"
"448",0,"DM0-200",7,"poor","goods/repair",2576,"DM0-100","1-7years",2,"male",2,35,"own",1,1,"no","foreign"
"449",0,"DM200+",12,"poor","goods/repair",1424,"DM0-100","7+years",3,"female",4,55,"own",1,1,"yes","foreign"
"450",1,"DM0-200",15,"poor","goods/repair",1512,"DM1000+","1-7years",3,"male",3,61,"own",2,1,"no","foreign"
"451",0,"NoAccount",36,"terrible","usedcar",11054,"DM0-100","1-7years",4,"male",2,30,"own",1,1,"yes","foreign"
"452",0,"NoAccount",6,"poor","goods/repair",518,"DM0-100","1-7years",3,"female",1,29,"own",1,1,"no","foreign"
"453",0,"NoAccount",12,"good","goods/repair",2759,"DM0-100","7+years",2,"male",4,34,"own",2,1,"no","foreign"
"454",0,"NoAccount",24,"poor","usedcar",2670,"DM0-100","7+years",4,"male",4,35,"own",1,1,"yes","foreign"
"455",1,"<DM0",24,"poor","newcar",4817,"DM0-100","1-7years",2,"male",3,31,"own",1,1,"yes","foreign"
"456",0,"NoAccount",24,"poor","usedcar",2679,"DM0-100","0-1year",4,"female",1,29,"own",1,1,"yes","foreign"
"457",0,"<DM0",11,"terrible","newcar",3905,"DM0-100","1-7years",2,"male",2,36,"rent",2,2,"no","foreign"
"458",1,"<DM0",12,"poor","usedcar",3386,"DM0-100","7+years",3,"male",4,35,"forfree",1,1,"yes","foreign"
"459",0,"<DM0",6,"poor","goods/repair",343,"DM0-100","0-1year",4,"female",1,27,"own",1,1,"no","foreign"
"460",0,"NoAccount",18,"poor","goods/repair",4594,"DM0-100","0-1year",3,"male",2,32,"own",1,1,"yes","foreign"
"461",0,"<DM0",36,"poor","goods/repair",3620,"DM0-100","1-7years",1,"male",2,37,"own",1,2,"no","foreign"
"462",0,"<DM0",15,"poor","newcar",1721,"DM0-100","0-1year",2,"male",3,36,"own",1,1,"no","foreign"
"463",0,"DM0-200",12,"poor","goods/repair",3017,"DM0-100","0-1year",3,"female",1,34,"rent",1,1,"no","foreign"
"464",0,"DM0-200",12,"poor","edu",754,"DM0-100","7+years",4,"male",4,38,"own",2,1,"no","foreign"
"465",0,"NoAccount",18,"poor","biz",1950,"DM0-100","1-7years",4,"male",1,34,"own",2,1,"yes","foreign"
"466",0,"<DM0",24,"poor","usedcar",2924,"DM0-100","1-7years",3,"male",4,63,"own",1,2,"yes","foreign"
"467",1,"<DM0",24,"poor","goods/repair",1659,"DM0-100","0-1year",4,"female",2,29,"rent",1,1,"yes","foreign"
"468",0,"NoAccount",48,"poor","goods/repair",7238,"DM0-100","7+years",3,"male",3,32,"own",2,2,"no","foreign"
"469",0,"NoAccount",33,"poor","biz",2764,"DM0-100","1-7years",2,"female",2,26,"own",2,1,"yes","foreign"
"470",0,"NoAccount",24,"poor","usedcar",4679,"DM0-100","1-7years",3,"male",3,35,"own",2,1,"yes","foreign"
"471",1,"DM0-200",24,"poor","goods/repair",3092,"DM100-1000","0-1year",3,"male",2,22,"rent",1,1,"yes","foreign"
"472",1,"<DM0",6,"poor","edu",448,"DM0-100","0-1year",4,"female",4,23,"own",1,1,"no","foreign"
"473",1,"<DM0",9,"poor","newcar",654,"DM0-100","1-7years",4,"male",3,28,"own",1,1,"no","foreign"
"474",0,"NoAccount",6,"poor","edu",1238,"DM0-100","unemployed",4,"male",4,36,"own",1,2,"yes","foreign"
"475",1,"DM0-200",18,"terrible","goods/repair",1245,"DM0-100","1-7years",4,"male",2,33,"own",1,1,"no","foreign"
"476",1,"<DM0",18,"good","goods/repair",3114,"DM0-100","0-1year",1,"female",4,26,"rent",1,1,"no","foreign"
"477",0,"NoAccount",39,"poor","usedcar",2569,"DM100-1000","1-7years",4,"male",4,24,"own",1,1,"no","foreign"
"478",0,"DM200+",24,"poor","goods/repair",5152,"DM0-100","1-7years",4,"male",2,25,"own",1,1,"no","foreign"
"479",0,"DM0-200",12,"poor","biz",1037,"DM100-1000","1-7years",3,"male",4,39,"own",1,1,"no","foreign"
"480",0,"<DM0",15,"terrible","goods/repair",1478,"DM0-100","7+years",4,"male",4,44,"own",2,2,"yes","foreign"
"481",0,"DM0-200",12,"terrible","goods/repair",3573,"DM0-100","1-7years",1,"female",1,23,"own",1,1,"no","foreign"
"482",0,"DM0-200",24,"poor","newcar",1201,"DM0-100","0-1year",4,"male",1,26,"own",1,1,"no","foreign"
"483",0,"<DM0",30,"poor","goods/repair",3622,"DM1000+","7+years",4,"female",4,57,"rent",2,1,"yes","foreign"
"484",0,"NoAccount",15,"poor","goods/repair",960,"DM1000+","1-7years",3,"female",2,30,"own",2,1,"no","foreign"
"485",0,"NoAccount",12,"terrible","newcar",1163,"DM100-1000","1-7years",4,"male",4,44,"own",1,1,"yes","foreign"
"486",1,"DM0-200",6,"poor","newcar",1209,"DM0-100","unemployed",4,"male",4,47,"own",1,1,"yes","foreign"
"487",0,"NoAccount",12,"poor","goods/repair",3077,"DM0-100","1-7years",2,"male",4,52,"own",1,1,"yes","foreign"
"488",0,"NoAccount",24,"poor","newcar",3757,"DM0-100","7+years",4,"female",4,62,"forfree",1,1,"yes","foreign"
"489",0,"NoAccount",10,"poor","newcar",1418,"DM100-1000","1-7years",3,"male",2,35,"rent",1,1,"no","german"
"490",0,"NoAccount",6,"poor","newcar",3518,"DM0-100","1-7years",2,"male",3,26,"rent",1,1,"no","foreign"
"491",0,"NoAccount",12,"terrible","goods/repair",1934,"DM0-100","7+years",2,"male",2,26,"own",2,1,"no","foreign"
"492",1,"DM0-200",27,"good","biz",8318,"DM0-100","7+years",2,"female",4,42,"forfree",2,1,"yes","foreign"
"493",0,"NoAccount",6,"terrible","goods/repair",1237,"DM100-1000","1-7years",1,"female",1,27,"own",2,1,"no","foreign"
"494",0,"DM0-200",6,"poor","goods/repair",368,"DM0-100","7+years",4,"male",4,38,"own",1,1,"no","foreign"
"495",0,"<DM0",12,"terrible","newcar",2122,"DM0-100","1-7years",3,"male",2,39,"rent",2,2,"no","german"
"496",1,"<DM0",24,"poor","goods/repair",2996,"DM0-100","1-7years",2,"male",4,20,"own",1,1,"no","foreign"
"497",1,"DM0-200",36,"poor","goods/repair",9034,"DM100-1000","0-1year",4,"male",1,29,"rent",1,1,"yes","foreign"
"498",0,"NoAccount",24,"terrible","goods/repair",1585,"DM0-100","1-7years",4,"male",3,40,"own",2,1,"no","foreign"
"499",0,"DM0-200",18,"poor","goods/repair",1301,"DM0-100","7+years",4,"male",2,32,"own",1,1,"no","foreign"
"500",0,"DM200+",6,"terrible","newcar",1323,"DM100-1000","7+years",2,"male",4,28,"own",2,2,"yes","foreign"
"501",1,"<DM0",24,"poor","newcar",3123,"DM0-100","0-1year",4,"female",1,27,"own",1,1,"no","foreign"
"502",0,"<DM0",36,"poor","usedcar",5493,"DM0-100","7+years",2,"male",4,42,"forfree",1,2,"no","foreign"
"503",0,"DM200+",9,"poor","goods/repair",1126,"DM100-1000","7+years",2,"male",4,49,"own",1,1,"no","foreign"
"504",1,"DM0-200",24,"terrible","goods/repair",1216,"DM100-1000","0-1year",4,"male",4,38,"own",2,2,"no","foreign"
"505",1,"<DM0",24,"poor","newcar",1207,"DM0-100","0-1year",4,"female",4,24,"rent",1,1,"no","foreign"
"506",1,"NoAccount",10,"poor","newcar",1309,"DM0-100","1-7years",4,"male",4,27,"own",1,1,"no","foreign"
"507",0,"DM200+",15,"terrible","usedcar",2360,"DM100-1000","1-7years",2,"male",2,36,"own",1,1,"yes","foreign"
"508",1,"DM0-200",15,"good","newcar",6850,"DM100-1000","unemployed",1,"male",2,34,"own",1,2,"yes","foreign"
"509",0,"NoAccount",24,"poor","goods/repair",1413,"DM0-100","1-7years",4,"male",2,28,"own",1,1,"no","foreign"
"510",0,"NoAccount",39,"poor","usedcar",8588,"DM100-1000","7+years",4,"male",2,45,"own",1,1,"yes","foreign"
"511",1,"<DM0",12,"poor","newcar",759,"DM0-100","1-7years",4,"male",2,26,"own",1,1,"no","foreign"
"512",0,"NoAccount",36,"poor","usedcar",4686,"DM0-100","1-7years",2,"male",2,32,"forfree",1,1,"yes","foreign"
"513",0,"DM200+",15,"poor","biz",2687,"DM0-100","1-7years",2,"male",4,26,"rent",1,1,"yes","foreign"
"514",0,"DM0-200",12,"poor","goods/repair",585,"DM0-100","1-7years",4,"male",4,20,"rent",2,1,"no","foreign"
"515",0,"NoAccount",24,"poor","newcar",2255,"DM0-100","0-1year",4,"male",1,54,"own",1,1,"no","foreign"
"516",0,"<DM0",6,"terrible","newcar",609,"DM0-100","1-7years",4,"female",3,37,"own",2,1,"no","german"
"517",0,"<DM0",6,"terrible","newcar",1361,"DM0-100","0-1year",2,"male",4,40,"own",1,2,"no","german"
"518",1,"NoAccount",36,"terrible","goods/repair",7127,"DM0-100","0-1year",2,"female",4,23,"rent",2,1,"yes","foreign"
"519",0,"<DM0",6,"poor","newcar",1203,"DM100-1000","7+years",3,"male",2,43,"own",1,1,"yes","foreign"
"520",0,"NoAccount",6,"terrible","goods/repair",700,"DM0-100","7+years",4,"male",4,36,"forfree",2,1,"no","foreign"
"521",0,"NoAccount",24,"terrible","goods/repair",5507,"DM0-100","7+years",3,"male",4,44,"forfree",2,1,"no","foreign"
"522",1,"<DM0",18,"poor","goods/repair",3190,"DM0-100","1-7years",2,"female",2,24,"own",1,1,"no","foreign"
"523",1,"<DM0",48,"good","goods/repair",7119,"DM0-100","1-7years",3,"male",4,53,"forfree",2,2,"no","foreign"
"524",0,"NoAccount",24,"poor","usedcar",3488,"DM100-1000","1-7years",3,"female",4,23,"own",1,1,"no","foreign"
"525",0,"DM0-200",18,"poor","goods/repair",1113,"DM0-100","1-7years",4,"female",4,26,"own",1,2,"no","foreign"
"526",0,"DM0-200",26,"poor","usedcar",7966,"DM0-100","0-1year",2,"male",3,30,"own",2,1,"no","foreign"
"527",0,"NoAccount",15,"terrible","edu",1532,"DM100-1000","1-7years",4,"female",3,31,"own",1,1,"no","foreign"
"528",0,"NoAccount",4,"terrible","goods/repair",1503,"DM0-100","1-7years",2,"male",1,42,"own",2,2,"no","foreign"
"529",1,"<DM0",36,"poor","goods/repair",2302,"DM0-100","1-7years",4,"male",4,31,"rent",1,1,"no","foreign"
"530",0,"<DM0",6,"poor","newcar",662,"DM0-100","0-1year",3,"male",4,41,"own",1,2,"yes","foreign"
"531",0,"DM0-200",36,"poor","edu",2273,"DM0-100","1-7years",3,"male",1,32,"own",2,2,"no","foreign"
"532",1,"DM0-200",15,"poor","newcar",2631,"DM100-1000","1-7years",2,"female",4,28,"rent",2,1,"yes","foreign"
"533",0,"NoAccount",12,"poor","usedcar",1503,"DM0-100","1-7years",4,"male",4,41,"rent",1,1,"no","foreign"
"534",0,"NoAccount",24,"poor","goods/repair",1311,"DM100-1000","1-7years",4,"male",3,26,"own",1,1,"yes","foreign"
"535",0,"NoAccount",24,"poor","goods/repair",3105,"DM0-100","0-1year",4,"male",2,25,"own",2,1,"no","foreign"
"536",1,"DM200+",21,"terrible","edu",2319,"DM0-100","0-1year",2,"male",1,33,"rent",1,1,"no","foreign"
"537",0,"<DM0",6,"poor","newcar",1374,"DM0-100","unemployed",4,"female",3,75,"own",1,1,"yes","foreign"
"538",0,"DM0-200",18,"terrible","goods/repair",3612,"DM0-100","7+years",3,"female",4,37,"own",1,1,"yes","foreign"
"539",1,"<DM0",48,"poor","newcar",7763,"DM0-100","7+years",4,"male",4,42,"forfree",1,1,"no","foreign"
"540",0,"DM200+",18,"poor","goods/repair",3049,"DM0-100","0-1year",1,"female",1,45,"own",1,1,"no","foreign"
"541",1,"DM0-200",12,"poor","goods/repair",1534,"DM0-100","0-1year",1,"male",1,23,"rent",1,1,"no","foreign"
"542",0,"NoAccount",24,"poor","newcar",2032,"DM0-100","7+years",4,"male",4,60,"forfree",2,1,"yes","foreign"
"543",1,"<DM0",30,"poor","goods/repair",6350,"DM0-100","7+years",4,"male",4,31,"own",1,1,"no","foreign"
"544",1,"DM200+",18,"poor","goods/repair",2864,"DM0-100","1-7years",2,"male",1,34,"own",1,2,"no","foreign"
"545",0,"NoAccount",12,"terrible","newcar",1255,"DM0-100","7+years",4,"male",4,61,"own",2,1,"no","foreign"
"546",1,"<DM0",24,"poor","newcar",1333,"DM0-100","unemployed",4,"male",2,43,"forfree",2,2,"no","foreign"
"547",0,"NoAccount",24,"terrible","newcar",2022,"DM0-100","1-7years",4,"female",4,37,"own",1,1,"yes","foreign"
"548",0,"NoAccount",24,"poor","goods/repair",1552,"DM0-100","1-7years",3,"male",1,32,"own",1,2,"no","foreign"
"549",1,"<DM0",12,"good","goods/repair",626,"DM0-100","1-7years",4,"female",4,24,"own",1,1,"no","foreign"
"550",0,"NoAccount",48,"terrible","usedcar",8858,"DM0-100","1-7years",2,"male",1,35,"forfree",2,1,"yes","foreign"
"551",0,"NoAccount",12,"terrible","goods/repair",996,"DM0-100","1-7years",4,"female",4,23,"own",2,1,"no","foreign"
"552",0,"NoAccount",6,"good","goods/repair",1750,"DM100-1000","7+years",2,"male",4,45,"own",1,2,"no","foreign"
"553",1,"<DM0",48,"poor","goods/repair",6999,"DM0-100","1-7years",1,"male",1,34,"own",2,1,"yes","foreign"
"554",0,"DM0-200",12,"terrible","newcar",1995,"DM100-1000","0-1year",4,"male",1,27,"own",1,1,"no","foreign"
"555",0,"DM0-200",9,"poor","edu",1199,"DM0-100","1-7years",4,"female",4,67,"own",2,1,"yes","foreign"
"556",1,"DM0-200",12,"poor","goods/repair",1331,"DM0-100","0-1year",2,"male",1,22,"own",1,1,"no","foreign"
"557",1,"DM0-200",18,"good","newcar",2278,"DM100-1000","0-1year",3,"female",3,28,"own",2,1,"no","foreign"
"558",1,"NoAccount",21,"good","newcar",5003,"DM0-100","1-7years",1,"female",4,29,"own",2,1,"yes","foreign"
"559",1,"<DM0",24,"good","goods/repair",3552,"DM0-100","1-7years",3,"male",4,27,"own",1,1,"no","foreign"
"560",1,"DM0-200",18,"terrible","goods/repair",1928,"DM0-100","0-1year",2,"male",2,31,"own",2,1,"no","foreign"
"561",0,"<DM0",24,"poor","usedcar",2964,"DM0-100","7+years",4,"male",4,49,"forfree",1,2,"yes","foreign"
"562",1,"<DM0",24,"good","goods/repair",1546,"DM0-100","1-7years",4,"male",4,24,"rent",1,1,"no","foreign"
"563",0,"DM200+",6,"poor","goods/repair",683,"DM0-100","0-1year",2,"female",1,29,"own",1,1,"no","foreign"
"564",1,"DM0-200",36,"poor","newcar",12389,"DM0-100","1-7years",1,"male",4,37,"forfree",1,1,"yes","foreign"
"565",0,"DM0-200",24,"poor","biz",4712,"DM0-100","1-7years",4,"male",2,37,"own",2,1,"yes","foreign"
"566",0,"DM0-200",24,"poor","goods/repair",1553,"DM100-1000","1-7years",3,"female",2,23,"rent",2,1,"yes","foreign"
"567",1,"<DM0",12,"poor","newcar",1372,"DM0-100","1-7years",2,"male",3,36,"own",1,1,"no","foreign"
"568",0,"NoAccount",24,"terrible","goods/repair",2578,"DM1000+","7+years",2,"male",2,34,"own",1,1,"no","foreign"
"569",0,"DM0-200",48,"poor","goods/repair",3979,"DM0-100","1-7years",4,"male",1,41,"own",2,2,"yes","foreign"
"570",1,"<DM0",48,"poor","goods/repair",6758,"DM0-100","1-7years",3,"female",2,31,"own",1,1,"yes","foreign"
"571",1,"<DM0",24,"poor","goods/repair",3234,"DM0-100","0-1year",4,"female",4,23,"rent",1,1,"yes","foreign"
"572",0,"NoAccount",30,"terrible","goods/repair",5954,"DM0-100","1-7years",3,"male",2,38,"own",1,1,"no","foreign"
"573",0,"NoAccount",24,"poor","usedcar",5433,"DM0-100","unemployed",2,"female",4,26,"rent",1,1,"yes","foreign"
"574",0,"<DM0",15,"poor","biz",806,"DM0-100","1-7years",4,"female",4,22,"own",1,1,"no","foreign"
"575",0,"DM0-200",9,"poor","goods/repair",1082,"DM0-100","7+years",4,"male",4,27,"own",2,1,"no","foreign"
"576",0,"NoAccount",15,"terrible","goods/repair",2788,"DM0-100","1-7years",2,"female",3,24,"own",2,1,"no","foreign"
"577",0,"DM0-200",12,"poor","goods/repair",2930,"DM0-100","1-7years",2,"female",1,27,"own",1,1,"no","foreign"
"578",0,"NoAccount",24,"terrible","edu",1927,"DM0-100","1-7years",3,"female",2,33,"own",2,1,"yes","foreign"
"579",1,"DM0-200",36,"terrible","newcar",2820,"DM0-100","0-1year",4,"male",4,27,"own",2,1,"no","foreign"
"580",0,"NoAccount",24,"poor","edu",937,"DM0-100","0-1year",4,"male",3,27,"own",2,1,"no","foreign"
"581",1,"DM0-200",18,"terrible","newcar",1056,"DM0-100","7+years",3,"male",3,30,"own",2,1,"no","foreign"
"582",0,"DM0-200",12,"terrible","newcar",3124,"DM0-100","0-1year",1,"male",3,49,"own",2,2,"no","foreign"
"583",0,"NoAccount",9,"poor","goods/repair",1388,"DM0-100","1-7years",4,"female",2,26,"rent",1,1,"no","foreign"
"584",1,"DM0-200",36,"poor","goods/repair",2384,"DM0-100","0-1year",4,"male",1,33,"rent",1,1,"no","foreign"
"585",0,"NoAccount",12,"poor","newcar",2133,"DM0-100","7+years",4,"female",4,52,"forfree",1,1,"yes","foreign"
"586",1,"<DM0",18,"poor","goods/repair",2039,"DM0-100","1-7years",1,"female",4,20,"rent",1,1,"no","foreign"
"587",0,"<DM0",9,"terrible","newcar",2799,"DM0-100","1-7years",2,"male",2,36,"rent",2,2,"no","foreign"
"588",0,"<DM0",12,"poor","goods/repair",1289,"DM0-100","1-7years",4,"male",1,21,"own",1,1,"no","foreign"
"589",1,"<DM0",18,"poor","goods/repair",1217,"DM0-100","1-7years",4,"male",3,47,"own",1,1,"yes","foreign"
"590",1,"<DM0",12,"terrible","goods/repair",2246,"DM0-100","7+years",3,"male",3,60,"own",2,1,"no","foreign"
"591",0,"<DM0",12,"terrible","goods/repair",385,"DM0-100","1-7years",4,"female",3,58,"own",4,1,"yes","foreign"
"592",0,"DM0-200",24,"poor","newcar",1965,"DM0-100","1-7years",4,"female",4,42,"rent",2,1,"yes","foreign"
"593",0,"NoAccount",21,"poor","biz",1572,"DM1000+","7+years",4,"female",4,36,"own",1,1,"no","foreign"
"594",1,"DM0-200",24,"poor","newcar",2718,"DM0-100","1-7years",3,"female",4,20,"rent",1,1,"yes","foreign"
"595",1,"<DM0",24,"good","biz",1358,"DM0-100","7+years",4,"male",3,40,"own",1,1,"yes","foreign"
"596",1,"DM0-200",6,"good","newcar",931,"DM100-1000","0-1year",1,"female",1,32,"own",1,1,"no","foreign"
"597",1,"<DM0",24,"poor","newcar",1442,"DM0-100","1-7years",4,"female",4,23,"rent",2,1,"no","foreign"
"598",1,"DM0-200",24,"good","biz",4241,"DM0-100","1-7years",1,"male",4,36,"own",3,1,"yes","foreign"
"599",1,"NoAccount",18,"terrible","newcar",2775,"DM0-100","1-7years",2,"male",2,31,"own",2,1,"no","foreign"
"600",0,"NoAccount",24,"poor","biz",3863,"DM0-100","1-7years",1,"male",2,32,"forfree",1,1,"no","foreign"
"601",0,"DM0-200",7,"poor","goods/repair",2329,"DM0-100","0-1year",1,"female",1,45,"own",1,1,"no","foreign"
"602",1,"DM0-200",9,"poor","goods/repair",918,"DM0-100","1-7years",4,"female",1,30,"own",1,1,"no","foreign"
"603",1,"DM0-200",24,"good","edu",1837,"DM0-100","1-7years",4,"female",4,34,"forfree",1,1,"no","foreign"
"604",1,"NoAccount",36,"poor","goods/repair",3349,"DM0-100","1-7years",4,"female",2,28,"own",1,1,"yes","foreign"
"605",0,"DM200+",10,"poor","goods/repair",1275,"DM0-100","0-1year",4,"female",2,23,"own",1,1,"no","foreign"
"606",0,"<DM0",24,"good","goods/repair",2828,"DM100-1000","1-7years",4,"male",4,22,"own",1,1,"yes","foreign"
"607",0,"NoAccount",24,"terrible","biz",4526,"DM0-100","1-7years",3,"male",2,74,"own",1,1,"yes","foreign"
"608",1,"DM0-200",36,"poor","goods/repair",2671,"DM100-1000","1-7years",4,"female",4,50,"forfree",1,1,"no","foreign"
"609",0,"NoAccount",18,"poor","goods/repair",2051,"DM0-100","0-1year",4,"male",1,33,"own",1,1,"no","foreign"
"610",0,"NoAccount",15,"poor","usedcar",1300,"DM0-100","7+years",4,"male",4,45,"forfree",1,2,"no","foreign"
"611",1,"<DM0",12,"poor","goods/repair",741,"DM100-1000","unemployed",4,"female",3,22,"own",1,1,"no","foreign"
"612",1,"DM200+",10,"poor","newcar",1240,"DM100-1000","7+years",1,"female",4,48,"forfree",1,2,"no","foreign"
"613",0,"<DM0",21,"poor","goods/repair",3357,"DM1000+","0-1year",4,"female",2,29,"own",1,1,"no","foreign"
"614",0,"<DM0",24,"good","usedcar",3632,"DM0-100","1-7years",1,"female",4,22,"rent",1,1,"no","german"
"615",1,"NoAccount",18,"poor","goods/repair",1808,"DM0-100","1-7years",4,"female",1,22,"own",1,1,"no","foreign"
"616",0,"DM0-200",48,"good","biz",12204,"DM0-100","1-7years",2,"male",2,48,"own",1,1,"yes","foreign"
"617",0,"DM0-200",60,"poor","goods/repair",9157,"DM0-100","1-7years",2,"male",2,27,"forfree",1,1,"no","foreign"
"618",0,"<DM0",6,"terrible","newcar",3676,"DM0-100","1-7years",1,"male",3,37,"rent",3,2,"no","foreign"
"619",1,"DM0-200",30,"poor","goods/repair",3441,"DM100-1000","1-7years",2,"female",4,21,"rent",1,1,"no","foreign"
"620",0,"NoAccount",12,"poor","newcar",640,"DM0-100","1-7years",4,"male",2,49,"own",1,1,"no","foreign"
"621",0,"DM0-200",21,"terrible","biz",3652,"DM0-100","1-7years",2,"male",3,27,"own",2,1,"no","foreign"
"622",1,"NoAccount",18,"terrible","newcar",1530,"DM0-100","1-7years",3,"male",2,32,"own",2,1,"no","foreign"
"623",1,"NoAccount",48,"poor","biz",3914,"DM0-100","1-7years",4,"male",2,38,"own",1,1,"no","foreign"
"624",0,"<DM0",12,"poor","goods/repair",1858,"DM0-100","0-1year",4,"female",1,22,"rent",1,1,"no","foreign"
"625",1,"<DM0",18,"poor","goods/repair",2600,"DM0-100","1-7years",4,"male",4,65,"forfree",2,1,"no","foreign"
"626",0,"NoAccount",15,"poor","goods/repair",1979,"DM0-100","7+years",4,"male",2,35,"own",1,1,"no","foreign"
"627",0,"DM200+",6,"poor","goods/repair",2116,"DM0-100","1-7years",2,"male",2,41,"own",1,1,"yes","foreign"
"628",1,"DM0-200",9,"good","newcar",1437,"DM100-1000","1-7years",2,"male",3,29,"own",1,1,"no","foreign"
"629",0,"NoAccount",42,"terrible","goods/repair",4042,"DM100-1000","1-7years",4,"male",4,36,"own",2,1,"yes","foreign"
"630",0,"NoAccount",9,"poor","edu",3832,"DM0-100","7+years",1,"male",4,64,"own",1,1,"no","foreign"
"631",0,"<DM0",24,"poor","goods/repair",3660,"DM0-100","1-7years",2,"female",4,28,"own",1,1,"no","foreign"
"632",1,"<DM0",18,"good","goods/repair",1553,"DM0-100","1-7years",4,"male",3,44,"own",1,1,"no","foreign"
"633",0,"DM0-200",15,"poor","goods/repair",1444,"DM0-100","0-1year",4,"male",1,23,"own",1,1,"no","foreign"
"634",1,"NoAccount",9,"poor","goods/repair",1980,"DM0-100","0-1year",2,"female",2,19,"rent",2,1,"no","foreign"
"635",1,"DM0-200",24,"poor","newcar",1355,"DM0-100","0-1year",3,"female",4,25,"own",1,1,"yes","foreign"
"636",0,"NoAccount",12,"poor","edu",1393,"DM0-100","7+years",4,"male",4,47,"own",3,2,"yes","foreign"
"637",0,"NoAccount",24,"poor","goods/repair",1376,"DM100-1000","1-7years",4,"female",1,28,"own",1,1,"no","foreign"
"638",0,"NoAccount",60,"poor","goods/repair",15653,"DM0-100","1-7years",2,"male",4,21,"own",2,1,"yes","foreign"
"639",0,"NoAccount",12,"poor","goods/repair",1493,"DM0-100","0-1year",4,"female",3,34,"own",1,2,"no","foreign"
"640",1,"<DM0",42,"poor","goods/repair",4370,"DM0-100","1-7years",3,"male",2,26,"own",2,2,"yes","foreign"
"641",1,"<DM0",18,"poor","edu",750,"DM0-100","unemployed",4,"female",1,27,"own",1,1,"no","foreign"
"642",0,"DM0-200",15,"poor","goods/repair",1308,"DM0-100","7+years",4,"male",4,38,"own",2,1,"no","foreign"
"643",1,"NoAccount",15,"poor","edu",4623,"DM100-1000","1-7years",3,"male",2,40,"own",1,1,"yes","foreign"
"644",0,"NoAccount",24,"terrible","goods/repair",1851,"DM0-100","1-7years",4,"male",2,33,"own",2,1,"yes","foreign"
"645",0,"<DM0",18,"terrible","goods/repair",1880,"DM0-100","1-7years",4,"male",1,32,"own",2,1,"yes","foreign"
"646",1,"NoAccount",36,"poor","biz",7980,"DM0-100","0-1year",4,"male",4,27,"rent",2,1,"yes","foreign"
"647",0,"<DM0",30,"good","goods/repair",4583,"DM0-100","1-7years",2,"male",2,32,"own",2,1,"no","foreign"
"648",1,"NoAccount",12,"poor","newcar",1386,"DM100-1000","1-7years",2,"female",2,26,"own",1,1,"no","foreign"
"649",1,"DM200+",24,"poor","newcar",947,"DM0-100","1-7years",4,"male",3,38,"forfree",1,2,"no","foreign"
"650",1,"<DM0",12,"poor","edu",684,"DM0-100","1-7years",4,"male",4,40,"rent",1,2,"no","foreign"
"651",0,"<DM0",48,"poor","edu",7476,"DM0-100","1-7years",4,"male",1,50,"forfree",1,1,"yes","foreign"
"652",1,"DM0-200",12,"poor","goods/repair",1922,"DM0-100","1-7years",4,"male",2,37,"own",1,1,"no","foreign"
"653",1,"<DM0",24,"poor","newcar",2303,"DM0-100","7+years",4,"male",1,45,"own",1,1,"no","foreign"
"654",1,"DM0-200",36,"poor","newcar",8086,"DM100-1000","7+years",2,"male",4,42,"own",4,1,"yes","foreign"
"655",0,"NoAccount",24,"terrible","usedcar",2346,"DM0-100","1-7years",4,"male",3,35,"own",2,1,"yes","foreign"
"656",0,"<DM0",14,"poor","newcar",3973,"DM0-100","unemployed",1,"male",4,22,"forfree",1,1,"no","foreign"
"657",1,"DM0-200",12,"poor","newcar",888,"DM0-100","7+years",4,"male",4,41,"own",1,2,"no","foreign"
"658",0,"NoAccount",48,"poor","goods/repair",10222,"DM0-100","1-7years",4,"male",3,37,"own",1,1,"yes","foreign"
"659",0,"DM0-200",30,"good","biz",4221,"DM0-100","1-7years",2,"female",1,28,"own",2,1,"no","foreign"
"660",0,"DM0-200",18,"terrible","goods/repair",6361,"DM0-100","7+years",2,"male",1,41,"own",1,1,"yes","foreign"
"661",0,"DM200+",12,"poor","goods/repair",1297,"DM0-100","1-7years",3,"male",4,23,"rent",1,1,"no","foreign"
"662",1,"<DM0",12,"poor","newcar",900,"DM0-100","1-7years",4,"male",2,23,"own",1,1,"no","foreign"
"663",0,"NoAccount",21,"poor","goods/repair",2241,"DM0-100","7+years",4,"male",2,50,"own",2,1,"no","foreign"
"664",0,"DM0-200",6,"poor","goods/repair",1050,"DM0-100","unemployed",4,"male",1,35,"own",2,1,"yes","foreign"
"665",0,"DM200+",6,"terrible","edu",1047,"DM0-100","1-7years",2,"female",4,50,"own",1,1,"no","foreign"
"666",0,"NoAccount",24,"terrible","biz",6314,"DM0-100","unemployed",4,"male",2,27,"own",2,1,"yes","foreign"
"667",0,"DM0-200",30,"good","goods/repair",3496,"DM1000+","1-7years",4,"male",2,34,"own",1,2,"yes","foreign"
"668",0,"NoAccount",48,"good","biz",3609,"DM0-100","1-7years",1,"female",1,27,"own",1,1,"no","foreign"
"669",1,"<DM0",12,"terrible","newcar",4843,"DM0-100","7+years",3,"male",4,43,"rent",2,1,"yes","foreign"
"670",0,"DM200+",30,"terrible","goods/repair",3017,"DM0-100","7+years",4,"male",4,47,"own",1,1,"no","foreign"
"671",0,"NoAccount",24,"terrible","biz",4139,"DM100-1000","1-7years",3,"male",3,27,"own",2,1,"yes","foreign"
"672",0,"NoAccount",36,"poor","biz",5742,"DM100-1000","1-7years",2,"male",2,31,"own",2,1,"yes","foreign"
"673",0,"NoAccount",60,"poor","newcar",10366,"DM0-100","7+years",2,"male",4,42,"own",1,1,"yes","foreign"
"674",0,"NoAccount",6,"terrible","newcar",2080,"DM100-1000","1-7years",1,"male",2,24,"own",1,1,"no","foreign"
"675",1,"NoAccount",21,"poor","biz",2580,"DM100-1000","0-1year",4,"male",2,41,"own",1,2,"no","foreign"
"676",0,"NoAccount",30,"terrible","goods/repair",4530,"DM0-100","1-7years",4,"female",4,26,"rent",1,1,"yes","foreign"
"677",0,"NoAccount",24,"terrible","goods/repair",5150,"DM0-100","7+years",4,"male",4,33,"own",1,1,"yes","foreign"
"678",1,"DM0-200",72,"poor","goods/repair",5595,"DM100-1000","1-7years",2,"male",2,24,"own",1,1,"no","foreign"
"679",0,"<DM0",24,"poor","goods/repair",2384,"DM0-100","7+years",4,"male",4,64,"rent",1,1,"no","foreign"
"680",0,"NoAccount",18,"poor","goods/repair",1453,"DM0-100","0-1year",3,"female",1,26,"own",1,1,"no","foreign"
"681",0,"NoAccount",6,"poor","edu",1538,"DM0-100","0-1year",1,"female",2,56,"own",1,1,"no","foreign"
"682",0,"NoAccount",12,"poor","goods/repair",2279,"DM0-100","1-7years",4,"male",4,37,"forfree",1,1,"yes","foreign"
"683",0,"NoAccount",15,"poor","goods/repair",1478,"DM0-100","1-7years",4,"male",3,33,"own",2,1,"no","foreign"
"684",0,"NoAccount",24,"terrible","goods/repair",5103,"DM0-100","0-1year",3,"male",3,47,"forfree",3,1,"yes","foreign"
"685",0,"DM0-200",36,"poor","biz",9857,"DM100-1000","1-7years",1,"male",3,31,"own",2,2,"yes","foreign"
"686",0,"NoAccount",60,"poor","newcar",6527,"DM0-100","1-7years",4,"male",4,34,"forfree",1,2,"yes","foreign"
"687",0,"DM200+",10,"terrible","goods/repair",1347,"DM0-100","1-7years",4,"male",2,27,"own",2,1,"yes","foreign"
"688",0,"DM0-200",36,"poor","newcar",2862,"DM100-1000","7+years",4,"male",3,30,"forfree",1,1,"no","foreign"
"689",0,"NoAccount",9,"poor","goods/repair",2753,"DM100-1000","7+years",3,"male",4,35,"own",1,1,"yes","foreign"
"690",0,"<DM0",12,"poor","newcar",3651,"DM1000+","1-7years",1,"male",3,31,"own",1,2,"no","foreign"
"691",0,"<DM0",15,"terrible","goods/repair",975,"DM0-100","1-7years",2,"male",3,25,"own",2,1,"no","foreign"
"692",0,"DM0-200",15,"poor","goods/repair",2631,"DM100-1000","1-7years",3,"female",2,25,"own",1,1,"no","foreign"
"693",0,"DM0-200",24,"poor","goods/repair",2896,"DM100-1000","0-1year",2,"male",1,29,"own",1,1,"no","foreign"
"694",0,"<DM0",6,"terrible","newcar",4716,"DM0-100","0-1year",1,"male",3,44,"own",2,2,"no","foreign"
"695",0,"NoAccount",24,"poor","goods/repair",2284,"DM0-100","1-7years",4,"male",2,28,"own",1,1,"yes","foreign"
"696",0,"NoAccount",6,"poor","usedcar",1236,"DM100-1000","1-7years",2,"male",4,50,"rent",1,1,"no","foreign"
"697",0,"DM0-200",12,"poor","goods/repair",1103,"DM0-100","1-7years",4,"male",3,29,"own",2,1,"no","german"
"698",0,"NoAccount",12,"terrible","newcar",926,"DM0-100","unemployed",1,"female",2,38,"own",1,1,"no","foreign"
"699",0,"NoAccount",18,"terrible","goods/repair",1800,"DM0-100","1-7years",4,"male",2,24,"own",2,1,"no","foreign"
"700",0,"DM200+",15,"poor","edu",1905,"DM0-100","7+years",4,"male",4,40,"rent",1,1,"yes","foreign"
"701",1,"NoAccount",12,"poor","goods/repair",1123,"DM100-1000","1-7years",4,"female",4,29,"rent",1,1,"no","foreign"
"702",1,"<DM0",48,"terrible","usedcar",6331,"DM0-100","7+years",4,"male",4,46,"forfree",2,1,"yes","foreign"
"703",0,"DM200+",24,"poor","goods/repair",1377,"DM100-1000","7+years",4,"female",2,47,"forfree",1,1,"yes","foreign"
"704",0,"DM0-200",30,"poor","biz",2503,"DM100-1000","7+years",4,"male",2,41,"own",2,1,"no","foreign"
"705",0,"DM0-200",27,"poor","biz",2528,"DM0-100","0-1year",4,"female",1,32,"own",1,2,"yes","foreign"
"706",0,"NoAccount",15,"poor","newcar",5324,"DM100-1000","7+years",1,"female",4,35,"forfree",1,1,"no","foreign"
"707",1,"DM0-200",48,"poor","newcar",6560,"DM100-1000","1-7years",3,"male",2,24,"own",1,1,"no","foreign"
"708",1,"DM0-200",12,"good","goods/repair",2969,"DM0-100","0-1year",4,"female",3,25,"rent",2,1,"no","foreign"
"709",0,"DM0-200",9,"poor","goods/repair",1206,"DM0-100","7+years",4,"female",4,25,"own",1,1,"no","foreign"
"710",0,"DM0-200",9,"poor","goods/repair",2118,"DM0-100","1-7years",2,"male",2,37,"own",1,2,"no","foreign"
"711",0,"NoAccount",18,"terrible","goods/repair",629,"DM100-1000","7+years",4,"male",3,32,"own",2,1,"yes","foreign"
"712",1,"<DM0",6,"good","edu",1198,"DM0-100","7+years",4,"female",4,35,"forfree",1,1,"no","foreign"
"713",0,"NoAccount",21,"poor","usedcar",2476,"DM0-100","7+years",4,"male",4,46,"own",1,1,"yes","foreign"
"714",0,"<DM0",9,"terrible","goods/repair",1138,"DM0-100","1-7years",4,"male",4,25,"own",2,1,"no","foreign"
"715",1,"DM0-200",60,"poor","newcar",14027,"DM0-100","1-7years",4,"male",2,27,"own",1,1,"yes","foreign"
"716",0,"NoAccount",30,"terrible","usedcar",7596,"DM0-100","7+years",1,"male",4,63,"own",2,1,"no","foreign"
"717",0,"NoAccount",30,"terrible","goods/repair",3077,"DM0-100","7+years",3,"male",2,40,"own",2,2,"yes","foreign"
"718",0,"NoAccount",18,"poor","goods/repair",1505,"DM0-100","1-7years",4,"male",2,32,"forfree",1,1,"yes","foreign"
"719",0,"DM200+",24,"terrible","goods/repair",3148,"DM0-100","1-7years",3,"male",2,31,"own",2,1,"yes","foreign"
"720",0,"DM0-200",20,"good","usedcar",6148,"DM100-1000","7+years",3,"male",4,31,"own",2,1,"yes","foreign"
"721",1,"DM200+",9,"good","goods/repair",1337,"DM0-100","0-1year",4,"male",2,34,"own",2,1,"yes","foreign"
"722",1,"DM0-200",6,"good","edu",433,"DM1000+","0-1year",4,"female",2,24,"rent",1,2,"no","foreign"
"723",1,"<DM0",12,"poor","newcar",1228,"DM0-100","1-7years",4,"female",2,24,"own",1,1,"no","foreign"
"724",0,"DM0-200",9,"poor","goods/repair",790,"DM100-1000","1-7years",4,"female",3,66,"own",1,1,"no","foreign"
"725",1,"NoAccount",27,"poor","newcar",2570,"DM0-100","1-7years",3,"female",3,21,"rent",1,1,"no","foreign"
"726",0,"NoAccount",6,"terrible","newcar",250,"DM1000+","1-7years",2,"female",2,41,"own",2,1,"no","foreign"
"727",0,"NoAccount",15,"terrible","goods/repair",1316,"DM100-1000","1-7years",2,"male",2,47,"own",2,1,"no","foreign"
"728",1,"<DM0",18,"poor","goods/repair",1882,"DM0-100","1-7years",4,"female",4,25,"rent",2,1,"no","foreign"
"729",1,"DM0-200",48,"good","biz",6416,"DM0-100","7+years",4,"female",3,59,"rent",1,1,"no","foreign"
"730",0,"DM200+",24,"terrible","biz",1275,"DM1000+","1-7years",2,"male",4,36,"own",2,1,"yes","foreign"
"731",0,"DM0-200",24,"poor","goods/repair",6403,"DM0-100","0-1year",1,"male",2,33,"own",1,1,"no","foreign"
"732",1,"<DM0",24,"poor","goods/repair",1987,"DM0-100","1-7years",2,"male",4,21,"rent",1,2,"no","foreign"
"733",0,"DM0-200",8,"poor","goods/repair",760,"DM0-100","1-7years",4,"female",2,44,"own",1,1,"no","foreign"
"734",0,"NoAccount",24,"poor","usedcar",2603,"DM1000+","1-7years",2,"female",4,28,"rent",1,1,"yes","foreign"
"735",0,"NoAccount",4,"terrible","newcar",3380,"DM0-100","1-7years",1,"female",1,37,"own",1,2,"no","foreign"
"736",0,"DM0-200",36,"good","goods/repair",3990,"DM0-100","0-1year",3,"female",2,29,"own",1,1,"no","foreign"
"737",1,"DM0-200",24,"poor","usedcar",11560,"DM0-100","1-7years",1,"female",4,23,"rent",2,1,"no","foreign"
"738",0,"<DM0",18,"poor","newcar",4380,"DM100-1000","1-7years",3,"male",4,35,"own",1,2,"yes","foreign"
"739",0,"NoAccount",6,"terrible","newcar",6761,"DM0-100","1-7years",1,"male",3,45,"own",2,2,"yes","foreign"
"740",1,"DM0-200",30,"good","biz",4280,"DM100-1000","1-7years",4,"female",4,26,"rent",2,1,"no","foreign"
"741",0,"<DM0",24,"good","newcar",2325,"DM100-1000","1-7years",2,"male",3,32,"own",1,1,"no","foreign"
"742",0,"DM0-200",10,"good","goods/repair",1048,"DM0-100","1-7years",4,"male",4,23,"own",1,1,"no","foreign"
"743",0,"NoAccount",21,"poor","goods/repair",3160,"DM0-100","7+years",4,"male",3,41,"own",1,1,"yes","foreign"
"744",0,"<DM0",24,"good","goods/repair",2483,"DM100-1000","1-7years",4,"male",4,22,"own",1,1,"yes","foreign"
"745",0,"<DM0",39,"terrible","goods/repair",14179,"DM0-100","1-7years",4,"male",4,30,"own",2,1,"yes","foreign"
"746",0,"<DM0",13,"terrible","biz",1797,"DM0-100","0-1year",3,"male",1,28,"own",2,1,"no","foreign"
"747",0,"<DM0",15,"poor","newcar",2511,"DM0-100","unemployed",1,"female",4,23,"rent",1,1,"no","foreign"
"748",1,"<DM0",12,"poor","newcar",1274,"DM0-100","0-1year",3,"female",1,37,"own",1,1,"no","foreign"
"749",0,"NoAccount",21,"poor","usedcar",5248,"DM0-100","1-7years",1,"male",3,26,"own",1,1,"no","foreign"
"750",0,"NoAccount",15,"poor","usedcar",3029,"DM0-100","1-7years",2,"male",2,33,"own",1,1,"no","foreign"
"751",0,"<DM0",6,"poor","goods/repair",428,"DM0-100","7+years",2,"female",1,49,"own",1,1,"yes","foreign"
"752",1,"<DM0",18,"poor","newcar",976,"DM0-100","0-1year",1,"female",2,23,"own",1,1,"no","foreign"
"753",0,"DM0-200",12,"poor","biz",841,"DM100-1000","1-7years",2,"female",4,23,"rent",1,1,"no","foreign"
"754",0,"NoAccount",30,"terrible","goods/repair",5771,"DM0-100","1-7years",4,"female",2,25,"own",2,1,"no","foreign"
"755",1,"NoAccount",12,"poor","goods/repair",1555,"DM1000+","7+years",4,"male",4,55,"forfree",2,2,"no","foreign"
"756",1,"<DM0",24,"poor","newcar",1285,"DM0-100","1-7years",4,"female",4,32,"rent",1,1,"no","foreign"
"757",0,"DM200+",6,"terrible","newcar",1299,"DM0-100","1-7years",1,"male",1,74,"own",3,2,"no","german"
"758",1,"DM200+",15,"terrible","goods/repair",1271,"DM0-100","1-7years",3,"male",4,39,"forfree",2,1,"yes","foreign"
"759",0,"NoAccount",24,"poor","newcar",1393,"DM0-100","1-7years",2,"male",2,31,"own",1,1,"yes","foreign"
"760",1,"<DM0",12,"terrible","newcar",691,"DM0-100","7+years",4,"male",3,35,"own",2,1,"no","foreign"
"761",0,"NoAccount",15,"terrible","newcar",5045,"DM0-100","7+years",1,"female",4,59,"own",1,1,"yes","foreign"
"762",1,"<DM0",18,"terrible","goods/repair",2124,"DM0-100","1-7years",4,"female",4,24,"rent",2,1,"no","foreign"
"763",0,"<DM0",12,"poor","goods/repair",2214,"DM0-100","1-7years",4,"male",3,24,"own",1,1,"no","foreign"
"764",1,"NoAccount",21,"terrible","newcar",12680,"DM0-100","7+years",4,"male",4,30,"forfree",1,1,"yes","foreign"
"765",0,"NoAccount",24,"terrible","newcar",2463,"DM100-1000","1-7years",4,"male",3,27,"own",2,1,"yes","foreign"
"766",0,"DM0-200",12,"poor","goods/repair",1155,"DM0-100","7+years",3,"male",3,40,"own",2,1,"no","foreign"
"767",1,"<DM0",30,"poor","goods/repair",3108,"DM0-100","0-1year",2,"male",4,31,"own",1,1,"no","foreign"
"768",0,"NoAccount",10,"poor","usedcar",2901,"DM0-100","0-1year",1,"female",4,31,"rent",1,1,"no","foreign"
"769",0,"DM0-200",12,"terrible","goods/repair",3617,"DM0-100","7+years",1,"male",4,28,"rent",3,1,"yes","foreign"
"770",0,"NoAccount",12,"terrible","goods/repair",1655,"DM0-100","7+years",2,"male",4,63,"own",2,1,"yes","foreign"
"771",0,"<DM0",24,"poor","usedcar",2812,"DM0-100","7+years",2,"female",4,26,"rent",1,1,"no","foreign"
"772",1,"<DM0",36,"terrible","edu",8065,"DM0-100","1-7years",3,"female",2,25,"own",2,1,"yes","foreign"
"773",0,"NoAccount",21,"terrible","usedcar",3275,"DM0-100","7+years",1,"male",4,36,"own",1,1,"yes","foreign"
"774",0,"NoAccount",24,"terrible","goods/repair",2223,"DM100-1000","7+years",4,"male",4,52,"own",2,1,"no","foreign"
"775",0,"DM200+",12,"terrible","newcar",1480,"DM100-1000","unemployed",2,"male",4,66,"forfree",3,1,"no","foreign"
"776",1,"<DM0",24,"poor","newcar",1371,"DM0-100","1-7years",4,"female",4,25,"rent",1,1,"no","foreign"
"777",0,"NoAccount",36,"terrible","newcar",3535,"DM0-100","1-7years",4,"male",4,37,"own",2,1,"yes","foreign"
"778",0,"<DM0",18,"poor","goods/repair",3509,"DM0-100","1-7years",4,"female",1,25,"own",1,1,"no","foreign"
"779",0,"NoAccount",36,"terrible","usedcar",5711,"DM1000+","7+years",4,"male",2,38,"own",2,1,"yes","foreign"
"780",0,"DM0-200",18,"poor","goods/repair",3872,"DM0-100","unemployed",2,"female",4,67,"own",1,1,"yes","foreign"
"781",1,"DM0-200",39,"terrible","goods/repair",4933,"DM0-100","1-7years",2,"male",2,25,"own",2,1,"no","foreign"
"782",0,"NoAccount",24,"terrible","newcar",1940,"DM1000+","7+years",4,"male",4,60,"own",1,1,"yes","foreign"
"783",0,"DM0-200",12,"good","edu",1410,"DM0-100","1-7years",2,"male",2,31,"own",1,1,"yes","foreign"
"784",1,"DM0-200",12,"poor","newcar",836,"DM100-1000","0-1year",4,"female",2,23,"own",1,1,"no","foreign"
"785",0,"DM0-200",20,"poor","usedcar",6468,"DM0-100","unemployed",1,"male",4,60,"own",1,1,"yes","foreign"
"786",0,"DM0-200",18,"poor","biz",1941,"DM1000+","1-7years",4,"male",2,35,"own",1,1,"yes","foreign"
"787",0,"NoAccount",22,"poor","goods/repair",2675,"DM100-1000","7+years",3,"male",4,40,"own",1,1,"no","foreign"
"788",0,"NoAccount",48,"terrible","usedcar",2751,"DM0-100","7+years",4,"male",3,38,"own",2,2,"yes","foreign"
"789",1,"DM0-200",48,"poor","edu",6224,"DM0-100","7+years",4,"male",4,50,"forfree",1,1,"no","foreign"
"790",1,"<DM0",40,"terrible","edu",5998,"DM0-100","1-7years",4,"male",3,27,"own",1,1,"yes","foreign"
"791",1,"DM0-200",21,"poor","biz",1188,"DM0-100","7+years",2,"female",4,39,"own",1,2,"no","foreign"
"792",0,"NoAccount",24,"poor","usedcar",6313,"DM0-100","7+years",3,"male",4,41,"own",1,2,"yes","foreign"
"793",0,"NoAccount",6,"terrible","goods/repair",1221,"DM0-100","1-7years",1,"male",2,27,"own",2,1,"no","foreign"
"794",0,"DM200+",24,"poor","goods/repair",2892,"DM0-100","7+years",3,"male",4,51,"forfree",1,1,"no","foreign"
"795",0,"NoAccount",24,"poor","goods/repair",3062,"DM100-1000","7+years",4,"male",3,32,"rent",1,1,"yes","foreign"
"796",0,"NoAccount",9,"poor","goods/repair",2301,"DM100-1000","0-1year",2,"female",4,22,"rent",1,1,"no","foreign"
"797",1,"<DM0",18,"poor","usedcar",7511,"DM0-100","7+years",1,"male",4,51,"forfree",1,2,"yes","foreign"
"798",0,"NoAccount",12,"terrible","goods/repair",1258,"DM0-100","0-1year",2,"female",4,22,"rent",2,1,"no","foreign"
"799",0,"NoAccount",24,"poor","newcar",717,"DM0-100","7+years",4,"male",4,54,"own",2,1,"yes","foreign"
"800",0,"DM0-200",9,"poor","newcar",1549,"DM0-100","0-1year",4,"male",2,35,"own",1,1,"no","foreign"
"801",0,"NoAccount",24,"terrible","edu",1597,"DM0-100","7+years",4,"male",4,54,"forfree",2,2,"no","foreign"
"802",0,"DM0-200",18,"terrible","goods/repair",1795,"DM0-100","7+years",3,"female",4,48,"rent",2,1,"yes","foreign"
"803",0,"<DM0",20,"terrible","goods/repair",4272,"DM0-100","7+years",1,"female",4,24,"own",2,1,"no","foreign"
"804",0,"NoAccount",12,"terrible","goods/repair",976,"DM0-100","7+years",4,"male",4,35,"own",2,1,"no","foreign"
"805",0,"DM0-200",12,"poor","newcar",7472,"DM0-100","unemployed",1,"female",2,24,"rent",1,1,"no","foreign"
"806",1,"<DM0",36,"poor","newcar",9271,"DM0-100","1-7years",2,"male",1,24,"own",1,1,"yes","foreign"
"807",0,"DM0-200",6,"poor","goods/repair",590,"DM0-100","0-1year",3,"male",3,26,"own",1,1,"no","german"
"808",0,"NoAccount",12,"terrible","goods/repair",930,"DM0-100","7+years",4,"male",4,65,"own",4,1,"no","foreign"
"809",0,"DM0-200",42,"good","usedcar",9283,"DM0-100","unemployed",1,"male",2,55,"forfree",1,1,"yes","foreign"
"810",1,"DM0-200",15,"good","newcar",1778,"DM0-100","0-1year",2,"female",1,26,"rent",2,1,"no","foreign"
"811",0,"DM0-200",8,"poor","biz",907,"DM0-100","0-1year",3,"male",2,26,"own",1,1,"yes","foreign"
"812",0,"DM0-200",6,"poor","goods/repair",484,"DM0-100","1-7years",3,"male",3,28,"own",1,1,"no","foreign"
"813",1,"<DM0",36,"terrible","usedcar",9629,"DM0-100","1-7years",4,"male",4,24,"own",2,1,"yes","foreign"
"814",1,"<DM0",48,"poor","goods/repair",3051,"DM0-100","1-7years",3,"male",4,54,"own",1,1,"no","foreign"
"815",1,"<DM0",48,"poor","newcar",3931,"DM0-100","1-7years",4,"male",4,46,"forfree",1,2,"no","foreign"
"816",0,"DM0-200",36,"poor","newcar",7432,"DM0-100","1-7years",2,"female",2,54,"rent",1,1,"no","foreign"
"817",0,"NoAccount",6,"poor","goods/repair",1338,"DM100-1000","1-7years",1,"male",4,62,"own",1,1,"no","foreign"
"818",0,"NoAccount",6,"terrible","goods/repair",1554,"DM0-100","1-7years",1,"female",2,24,"rent",2,1,"yes","foreign"
"819",0,"<DM0",36,"poor","biz",15857,"DM0-100","unemployed",2,"male",3,43,"own",1,1,"no","foreign"
"820",1,"<DM0",18,"poor","goods/repair",1345,"DM0-100","1-7years",4,"male",3,26,"own",1,1,"no","foreign"
"821",0,"NoAccount",12,"poor","newcar",1101,"DM0-100","1-7years",3,"male",2,27,"own",2,1,"yes","foreign"
"822",0,"DM200+",12,"poor","goods/repair",3016,"DM0-100","1-7years",3,"male",1,24,"own",1,1,"no","foreign"
"823",1,"<DM0",36,"poor","goods/repair",2712,"DM0-100","7+years",2,"male",2,41,"own",1,2,"no","foreign"
"824",0,"<DM0",8,"terrible","newcar",731,"DM0-100","7+years",4,"male",4,47,"own",2,1,"no","foreign"
"825",0,"NoAccount",18,"terrible","goods/repair",3780,"DM0-100","0-1year",3,"male",2,35,"own",2,1,"yes","foreign"
"826",0,"<DM0",21,"terrible","newcar",1602,"DM0-100","7+years",4,"male",3,30,"own",2,1,"yes","foreign"
"827",1,"<DM0",18,"terrible","newcar",3966,"DM0-100","7+years",1,"female",4,33,"rent",3,1,"yes","foreign"
"828",1,"NoAccount",18,"good","biz",4165,"DM0-100","1-7years",2,"male",2,36,"own",2,2,"no","foreign"
"829",1,"<DM0",36,"poor","usedcar",8335,"DM0-100","7+years",3,"male",4,47,"forfree",1,1,"no","foreign"
"830",0,"DM0-200",48,"poor","biz",6681,"DM0-100","1-7years",4,"male",4,38,"forfree",1,2,"yes","foreign"
"831",0,"NoAccount",24,"poor","biz",2375,"DM100-1000","1-7years",4,"male",2,44,"own",2,2,"yes","foreign"
"832",1,"<DM0",18,"poor","newcar",1216,"DM0-100","0-1year",4,"female",3,23,"rent",1,1,"yes","foreign"
"833",1,"<DM0",45,"good","biz",11816,"DM0-100","7+years",2,"male",4,29,"rent",2,1,"no","foreign"
"834",0,"DM0-200",24,"poor","goods/repair",5084,"DM0-100","7+years",2,"female",4,42,"own",1,1,"yes","foreign"
"835",1,"DM200+",15,"poor","goods/repair",2327,"DM0-100","0-1year",2,"female",3,25,"own",1,1,"no","foreign"
"836",1,"<DM0",12,"good","newcar",1082,"DM0-100","1-7years",4,"male",4,48,"own",2,1,"no","foreign"
"837",0,"NoAccount",12,"poor","goods/repair",886,"DM0-100","1-7years",4,"female",2,21,"own",1,1,"no","foreign"
"838",0,"NoAccount",4,"poor","goods/repair",601,"DM0-100","0-1year",1,"female",3,23,"rent",1,2,"no","foreign"
"839",0,"<DM0",24,"terrible","usedcar",2957,"DM0-100","7+years",4,"male",4,63,"own",2,1,"yes","foreign"
"840",0,"NoAccount",24,"terrible","goods/repair",2611,"DM0-100","7+years",4,"male",3,46,"own",2,1,"no","foreign"
"841",1,"<DM0",36,"poor","goods/repair",5179,"DM0-100","1-7years",4,"male",2,29,"own",1,1,"no","foreign"
"842",0,"NoAccount",21,"poor","usedcar",2993,"DM0-100","1-7years",3,"male",2,28,"own",2,1,"no","foreign"
"843",1,"NoAccount",18,"poor","goods/repair",1943,"DM0-100","0-1year",4,"female",4,23,"own",1,1,"no","foreign"
"844",0,"NoAccount",24,"good","biz",1559,"DM0-100","1-7years",4,"male",4,50,"own",1,1,"yes","foreign"
"845",0,"NoAccount",18,"poor","goods/repair",3422,"DM0-100","7+years",4,"male",4,47,"own",3,2,"yes","foreign"
"846",0,"DM0-200",21,"poor","goods/repair",3976,"DM0-100","1-7years",2,"male",3,35,"own",1,1,"yes","foreign"
"847",1,"NoAccount",18,"poor","newcar",6761,"DM0-100","1-7years",2,"male",4,68,"rent",2,1,"no","foreign"
"848",0,"NoAccount",24,"poor","newcar",1249,"DM0-100","0-1year",4,"male",2,28,"own",1,1,"no","foreign"
"849",0,"<DM0",9,"poor","goods/repair",1364,"DM0-100","1-7years",3,"male",4,59,"own",1,1,"no","foreign"
"850",1,"<DM0",12,"poor","goods/repair",709,"DM0-100","7+years",4,"male",4,57,"own",1,1,"no","foreign"
"851",1,"<DM0",20,"terrible","newcar",2235,"DM0-100","1-7years",4,"male",2,33,"rent",2,1,"no","german"
"852",0,"NoAccount",24,"terrible","usedcar",4042,"DM0-100","1-7years",3,"male",4,43,"own",2,1,"yes","foreign"
"853",0,"NoAccount",15,"terrible","goods/repair",1471,"DM0-100","1-7years",4,"male",4,35,"forfree",2,1,"yes","foreign"
"854",1,"<DM0",18,"good","newcar",1442,"DM0-100","1-7years",4,"male",4,32,"forfree",2,2,"no","foreign"
"855",0,"NoAccount",36,"poor","newcar",10875,"DM0-100","7+years",2,"male",2,45,"own",2,2,"yes","foreign"
"856",0,"NoAccount",24,"poor","newcar",1474,"DM100-1000","0-1year",4,"male",3,33,"own",1,1,"yes","foreign"
"857",0,"NoAccount",10,"poor","edu",894,"DM0-100","1-7years",4,"female",3,40,"own",1,1,"yes","foreign"
"858",0,"NoAccount",15,"terrible","goods/repair",3343,"DM0-100","1-7years",4,"male",2,28,"forfree",1,1,"yes","foreign"
"859",1,"<DM0",15,"poor","newcar",3959,"DM0-100","1-7years",3,"female",2,29,"own",1,1,"yes","foreign"
"860",0,"NoAccount",9,"poor","newcar",3577,"DM100-1000","1-7years",1,"male",2,26,"rent",1,2,"no","german"
"861",0,"NoAccount",24,"terrible","usedcar",5804,"DM1000+","1-7years",4,"male",2,27,"own",2,1,"no","foreign"
"862",1,"NoAccount",18,"poor","biz",2169,"DM0-100","1-7years",4,"male",2,28,"own",1,1,"yes","foreign"
"863",1,"<DM0",24,"poor","goods/repair",2439,"DM0-100","0-1year",4,"female",4,35,"own",1,1,"yes","foreign"
"864",0,"NoAccount",27,"terrible","goods/repair",4526,"DM1000+","0-1year",4,"male",2,32,"own",2,2,"yes","foreign"
"865",1,"NoAccount",10,"poor","goods/repair",2210,"DM0-100","1-7years",2,"male",2,25,"rent",1,1,"no","foreign"
"866",0,"NoAccount",15,"poor","goods/repair",2221,"DM100-1000","1-7years",2,"female",4,20,"rent",1,1,"no","foreign"
"867",0,"<DM0",18,"poor","goods/repair",2389,"DM0-100","0-1year",4,"female",1,27,"own",1,1,"no","foreign"
"868",0,"NoAccount",12,"terrible","goods/repair",3331,"DM0-100","7+years",2,"male",4,42,"own",1,1,"no","foreign"
"869",0,"NoAccount",36,"poor","biz",7409,"DM0-100","7+years",3,"male",2,37,"own",2,1,"no","foreign"
"870",0,"<DM0",12,"poor","goods/repair",652,"DM0-100","7+years",4,"female",4,24,"rent",1,1,"no","foreign"
"871",0,"NoAccount",36,"poor","goods/repair",7678,"DM100-1000","1-7years",2,"female",4,40,"own",2,1,"yes","foreign"
"872",0,"DM200+",6,"terrible","newcar",1343,"DM0-100","7+years",1,"male",4,46,"own",2,2,"no","german"
"873",0,"<DM0",24,"terrible","biz",1382,"DM100-1000","1-7years",4,"male",1,26,"own",2,1,"yes","foreign"
"874",0,"NoAccount",15,"poor","goods/repair",874,"DM0-100","0-1year",4,"female",1,24,"own",1,1,"no","foreign"
"875",0,"<DM0",12,"poor","goods/repair",3590,"DM0-100","1-7years",2,"male",2,29,"own",1,2,"no","foreign"
"876",0,"DM0-200",11,"terrible","newcar",1322,"DM1000+","1-7years",4,"female",4,40,"own",2,1,"no","foreign"
"877",0,"<DM0",18,"good","goods/repair",1940,"DM0-100","0-1year",3,"male",4,36,"forfree",1,1,"yes","foreign"
"878",0,"NoAccount",36,"poor","goods/repair",3595,"DM0-100","7+years",4,"male",2,28,"own",1,1,"no","foreign"
"879",1,"<DM0",9,"poor","newcar",1422,"DM0-100","0-1year",3,"male",2,27,"forfree",1,1,"yes","foreign"
"880",0,"NoAccount",30,"terrible","goods/repair",6742,"DM0-100","1-7years",2,"male",3,36,"own",2,1,"no","foreign"
"881",0,"NoAccount",24,"poor","usedcar",7814,"DM0-100","1-7years",3,"male",3,38,"own",1,1,"yes","foreign"
"882",0,"NoAccount",24,"poor","usedcar",9277,"DM0-100","1-7years",2,"male",4,48,"forfree",1,1,"yes","foreign"
"883",0,"DM0-200",30,"terrible","newcar",2181,"DM0-100","7+years",4,"male",4,36,"own",2,1,"no","foreign"
"884",0,"NoAccount",18,"terrible","goods/repair",1098,"DM0-100","unemployed",4,"female",4,65,"own",2,1,"no","foreign"
"885",1,"DM0-200",24,"poor","goods/repair",4057,"DM0-100","1-7years",3,"male",3,43,"own",1,1,"yes","foreign"
"886",1,"<DM0",12,"poor","edu",795,"DM0-100","0-1year",4,"female",4,53,"own",1,1,"no","foreign"
"887",0,"DM0-200",24,"terrible","biz",2825,"DM0-100","1-7years",4,"male",3,34,"own",2,2,"yes","foreign"
"888",1,"DM0-200",48,"poor","biz",15672,"DM0-100","1-7years",2,"male",2,23,"own",1,1,"yes","foreign"
"889",0,"NoAccount",36,"terrible","newcar",6614,"DM0-100","7+years",4,"male",4,34,"own",2,1,"yes","foreign"
"890",0,"NoAccount",28,"good","usedcar",7824,"DM0-100","0-1year",3,"male",4,40,"rent",2,2,"yes","foreign"
"891",0,"<DM0",27,"terrible","biz",2442,"DM0-100","7+years",4,"male",4,43,"own",4,2,"yes","foreign"
"892",0,"NoAccount",15,"terrible","goods/repair",1829,"DM0-100","7+years",4,"male",4,46,"own",2,1,"yes","foreign"
"893",0,"<DM0",12,"terrible","newcar",2171,"DM0-100","1-7years",4,"male",4,38,"own",2,1,"no","german"
"894",0,"DM0-200",36,"terrible","usedcar",5800,"DM0-100","1-7years",3,"male",4,34,"own",2,1,"yes","foreign"
"895",0,"NoAccount",18,"terrible","goods/repair",1169,"DM0-100","1-7years",4,"male",3,29,"own",2,1,"yes","foreign"
"896",0,"NoAccount",36,"poor","usedcar",8947,"DM0-100","1-7years",3,"male",2,31,"own",1,2,"yes","foreign"
"897",0,"<DM0",21,"poor","goods/repair",2606,"DM0-100","0-1year",4,"female",4,28,"rent",1,1,"yes","foreign"
"898",0,"NoAccount",12,"terrible","goods/repair",1592,"DM1000+","1-7years",3,"female",2,35,"own",1,1,"no","german"
"899",0,"NoAccount",15,"poor","goods/repair",2186,"DM0-100","1-7years",1,"female",4,33,"rent",1,1,"no","foreign"
"900",1,"<DM0",18,"poor","goods/repair",4153,"DM0-100","1-7years",2,"male",3,42,"own",1,1,"no","foreign"
"901",1,"<DM0",16,"terrible","newcar",2625,"DM0-100","7+years",2,"male",4,43,"rent",1,1,"yes","foreign"
"902",0,"NoAccount",20,"terrible","newcar",3485,"DM0-100","0-1year",2,"male",4,44,"own",2,1,"yes","foreign"
"903",0,"NoAccount",36,"terrible","usedcar",10477,"DM0-100","7+years",2,"male",4,42,"forfree",2,1,"no","foreign"
"904",0,"NoAccount",15,"poor","goods/repair",1386,"DM0-100","1-7years",4,"male",2,40,"rent",1,1,"yes","foreign"
"905",0,"NoAccount",24,"poor","goods/repair",1278,"DM0-100","7+years",4,"male",1,36,"own",1,1,"yes","foreign"
"906",0,"<DM0",12,"poor","goods/repair",1107,"DM0-100","1-7years",2,"male",2,20,"rent",1,2,"yes","foreign"
"907",0,"<DM0",21,"poor","newcar",3763,"DM0-100","1-7years",2,"male",2,24,"own",1,1,"no","german"
"908",0,"DM0-200",36,"poor","edu",3711,"DM0-100","1-7years",2,"male",2,27,"own",1,1,"no","foreign"
"909",0,"NoAccount",15,"poor","usedcar",3594,"DM0-100","0-1year",1,"female",2,46,"own",2,1,"no","foreign"
"910",0,"DM0-200",9,"poor","newcar",3195,"DM0-100","1-7years",1,"female",2,33,"own",1,1,"no","foreign"
"911",0,"NoAccount",36,"poor","goods/repair",4454,"DM0-100","1-7years",4,"female",4,34,"own",2,1,"no","foreign"
"912",1,"DM0-200",24,"terrible","goods/repair",4736,"DM0-100","0-1year",2,"female",4,25,"own",1,1,"no","foreign"
"913",0,"DM0-200",30,"poor","goods/repair",2991,"DM0-100","7+years",2,"female",4,25,"own",1,1,"no","foreign"
"914",0,"NoAccount",11,"poor","biz",2142,"DM1000+","7+years",1,"male",2,28,"own",1,1,"yes","foreign"
"915",1,"<DM0",24,"good","biz",3161,"DM0-100","1-7years",4,"male",2,31,"rent",1,1,"yes","foreign"
"916",1,"DM0-200",48,"good","biz",18424,"DM0-100","1-7years",1,"female",2,32,"own",1,1,"yes","german"
"917",0,"NoAccount",10,"poor","usedcar",2848,"DM100-1000","1-7years",1,"male",2,32,"own",1,2,"no","foreign"
"918",1,"<DM0",6,"poor","newcar",14896,"DM0-100","7+years",1,"male",4,68,"own",1,1,"yes","foreign"
"919",1,"<DM0",24,"poor","goods/repair",2359,"DM100-1000","unemployed",1,"male",1,33,"own",1,1,"no","foreign"
"920",1,"<DM0",24,"poor","goods/repair",3345,"DM0-100","7+years",4,"male",2,39,"rent",1,1,"yes","foreign"
"921",0,"NoAccount",18,"terrible","goods/repair",1817,"DM0-100","1-7years",4,"female",2,28,"own",2,1,"no","foreign"
"922",0,"NoAccount",48,"poor","goods/repair",12749,"DM100-1000","1-7years",4,"male",1,37,"own",1,1,"yes","foreign"
"923",1,"<DM0",9,"poor","goods/repair",1366,"DM0-100","0-1year",3,"female",4,22,"rent",1,1,"no","foreign"
"924",0,"DM0-200",12,"poor","newcar",2002,"DM0-100","1-7years",3,"male",4,30,"rent",1,2,"yes","foreign"
"925",1,"<DM0",24,"good","goods/repair",6872,"DM0-100","0-1year",2,"male",1,55,"own",1,1,"yes","foreign"
"926",1,"<DM0",12,"good","newcar",697,"DM0-100","0-1year",4,"male",2,46,"own",2,1,"yes","foreign"
"927",0,"<DM0",18,"terrible","goods/repair",1049,"DM0-100","0-1year",4,"female",4,21,"rent",1,1,"no","foreign"
"928",1,"<DM0",48,"poor","usedcar",10297,"DM0-100","1-7years",4,"male",4,39,"forfree",3,2,"yes","foreign"
"929",0,"NoAccount",30,"poor","goods/repair",1867,"DM0-100","7+years",4,"male",4,58,"own",1,1,"yes","foreign"
"930",0,"<DM0",12,"poor","newcar",1344,"DM0-100","1-7years",4,"male",2,43,"own",2,2,"no","foreign"
"931",0,"<DM0",24,"poor","goods/repair",1747,"DM0-100","0-1year",4,"male",1,24,"own",1,1,"no","german"
"932",1,"DM0-200",9,"poor","goods/repair",1670,"DM0-100","0-1year",4,"female",2,22,"own",1,1,"yes","foreign"
"933",0,"NoAccount",9,"terrible","newcar",1224,"DM0-100","1-7years",3,"male",1,30,"own",2,1,"no","foreign"
"934",0,"NoAccount",12,"terrible","goods/repair",522,"DM100-1000","7+years",4,"male",4,42,"own",2,2,"yes","foreign"
"935",0,"<DM0",12,"poor","goods/repair",1498,"DM0-100","1-7years",4,"female",1,23,"own",1,1,"no","foreign"
"936",1,"DM0-200",30,"poor","goods/repair",1919,"DM100-1000","0-1year",4,"male",3,30,"own",2,1,"no","foreign"
"937",1,"DM200+",9,"poor","goods/repair",745,"DM0-100","1-7years",3,"female",2,28,"own",1,1,"no","foreign"
"938",0,"DM0-200",6,"poor","goods/repair",2063,"DM0-100","0-1year",4,"male",3,30,"rent",1,1,"yes","foreign"
"939",1,"DM0-200",60,"poor","edu",6288,"DM0-100","1-7years",4,"male",4,42,"forfree",1,1,"no","foreign"
"940",0,"NoAccount",24,"terrible","usedcar",6842,"DM0-100","1-7years",2,"male",4,46,"own",2,2,"yes","foreign"
"941",0,"NoAccount",12,"poor","newcar",3527,"DM0-100","0-1year",2,"male",3,45,"own",1,2,"yes","foreign"
"942",0,"NoAccount",10,"poor","newcar",1546,"DM0-100","1-7years",3,"male",2,31,"own",1,2,"no","german"
"943",0,"NoAccount",24,"poor","goods/repair",929,"DM0-100","1-7years",4,"male",2,31,"own",1,1,"yes","foreign"
"944",0,"NoAccount",4,"terrible","newcar",1455,"DM0-100","1-7years",2,"male",1,42,"own",3,2,"no","foreign"
"945",0,"<DM0",15,"poor","goods/repair",1845,"DM0-100","0-1year",4,"female",1,46,"rent",1,1,"no","foreign"
"946",0,"DM0-200",48,"good","newcar",8358,"DM100-1000","0-1year",1,"female",1,30,"own",2,1,"no","foreign"
"947",1,"<DM0",24,"good","goods/repair",3349,"DM100-1000","0-1year",4,"male",4,30,"forfree",1,2,"yes","foreign"
"948",0,"NoAccount",12,"poor","newcar",2859,"DM0-100","unemployed",4,"male",4,38,"own",1,1,"yes","foreign"
"949",1,"NoAccount",18,"poor","goods/repair",1533,"DM0-100","0-1year",4,"male",1,43,"own",1,2,"no","foreign"
"950",1,"NoAccount",24,"poor","goods/repair",3621,"DM100-1000","7+years",2,"male",4,31,"own",2,1,"no","foreign"
"951",0,"DM0-200",18,"terrible","biz",3590,"DM0-100","unemployed",3,"male",3,40,"own",3,2,"yes","foreign"
"952",1,"<DM0",36,"poor","biz",2145,"DM0-100","1-7years",2,"male",1,24,"own",2,1,"yes","foreign"
"953",1,"DM0-200",24,"poor","usedcar",4113,"DM100-1000","0-1year",3,"female",4,28,"rent",1,1,"no","foreign"
"954",1,"NoAccount",36,"poor","goods/repair",10974,"DM0-100","unemployed",4,"female",2,26,"own",2,1,"yes","foreign"
"955",0,"<DM0",12,"poor","newcar",1893,"DM0-100","1-7years",4,"female",4,29,"own",1,1,"yes","foreign"
"956",0,"<DM0",24,"terrible","goods/repair",1231,"DM1000+","7+years",4,"female",4,57,"rent",2,1,"yes","foreign"
"957",0,"DM200+",30,"terrible","goods/repair",3656,"DM0-100","7+years",4,"male",4,49,"own",2,1,"no","foreign"
"958",0,"DM0-200",9,"terrible","goods/repair",1154,"DM0-100","7+years",2,"male",4,37,"own",3,1,"no","foreign"
"959",1,"<DM0",28,"poor","newcar",4006,"DM0-100","1-7years",3,"male",2,45,"own",1,1,"no","foreign"
"960",0,"DM0-200",24,"poor","goods/repair",3069,"DM100-1000","7+years",4,"male",4,30,"forfree",1,1,"no","foreign"
"961",0,"NoAccount",6,"terrible","goods/repair",1740,"DM0-100","7+years",2,"male",2,30,"rent",2,1,"no","foreign"
"962",0,"DM0-200",21,"poor","newcar",2353,"DM0-100","1-7years",1,"male",4,47,"own",2,1,"no","foreign"
"963",0,"NoAccount",15,"poor","newcar",3556,"DM0-100","1-7years",3,"male",2,29,"own",1,1,"no","foreign"
"964",1,"NoAccount",24,"poor","goods/repair",2397,"DM100-1000","7+years",3,"male",2,35,"own",2,1,"yes","foreign"
"965",0,"DM0-200",6,"poor","goods/repair",454,"DM0-100","0-1year",3,"male",1,22,"own",1,1,"no","foreign"
"966",0,"DM0-200",30,"poor","goods/repair",1715,"DM0-100","1-7years",4,"female",1,26,"own",1,1,"no","foreign"
"967",1,"DM0-200",27,"terrible","goods/repair",2520,"DM100-1000","1-7years",4,"male",2,23,"own",2,1,"no","foreign"
"968",0,"NoAccount",15,"poor","goods/repair",3568,"DM0-100","7+years",4,"female",2,54,"rent",1,1,"yes","foreign"
"969",0,"NoAccount",42,"poor","goods/repair",7166,"DM0-100","1-7years",2,"male",4,29,"rent",1,1,"yes","foreign"
"970",0,"<DM0",11,"terrible","newcar",3939,"DM0-100","1-7years",1,"male",2,40,"own",2,2,"no","foreign"
"971",0,"DM0-200",15,"poor","goods/repair",1514,"DM100-1000","1-7years",4,"male",2,22,"own",1,1,"no","foreign"
"972",0,"NoAccount",24,"poor","newcar",7393,"DM0-100","1-7years",1,"male",4,43,"own",1,2,"no","foreign"
"973",1,"<DM0",24,"good","newcar",1193,"DM0-100","unemployed",1,"female",4,29,"rent",2,1,"no","foreign"
"974",1,"<DM0",60,"poor","biz",7297,"DM0-100","7+years",4,"male",4,36,"rent",1,1,"no","foreign"
"975",0,"NoAccount",30,"terrible","goods/repair",2831,"DM0-100","1-7years",4,"female",2,33,"own",1,1,"yes","foreign"
"976",0,"DM200+",24,"poor","goods/repair",1258,"DM100-1000","1-7years",3,"female",3,57,"own",1,1,"no","foreign"
"977",0,"DM0-200",6,"poor","goods/repair",753,"DM0-100","1-7years",2,"female",3,64,"own",1,1,"no","foreign"
"978",0,"DM0-200",18,"poor","biz",2427,"DM0-100","7+years",4,"male",2,42,"own",2,1,"no","foreign"
"979",1,"NoAccount",24,"poor","newcar",2538,"DM0-100","7+years",4,"male",4,47,"own",2,2,"no","foreign"
"980",1,"DM0-200",15,"good","newcar",1264,"DM100-1000","1-7years",2,"male",2,25,"rent",1,1,"no","foreign"
"981",1,"DM0-200",30,"terrible","goods/repair",8386,"DM0-100","1-7years",2,"male",2,49,"own",1,1,"no","foreign"
"982",1,"NoAccount",48,"poor","biz",4844,"DM0-100","unemployed",3,"male",2,33,"rent",1,1,"yes","foreign"
"983",0,"DM200+",21,"poor","newcar",2923,"DM100-1000","1-7years",1,"female",1,28,"own",1,1,"yes","foreign"
"984",1,"<DM0",36,"poor","usedcar",8229,"DM0-100","1-7years",2,"male",2,26,"own",1,2,"no","foreign"
"985",0,"NoAccount",24,"terrible","goods/repair",2028,"DM0-100","1-7years",2,"male",2,30,"own",2,1,"no","foreign"
"986",0,"<DM0",15,"terrible","goods/repair",1433,"DM0-100","1-7years",4,"female",3,25,"rent",2,1,"no","foreign"
"987",0,"DM200+",42,"good","biz",6289,"DM0-100","0-1year",2,"male",1,33,"own",2,1,"no","foreign"
"988",0,"NoAccount",13,"poor","goods/repair",1409,"DM100-1000","unemployed",2,"female",4,64,"own",1,1,"no","foreign"
"989",0,"<DM0",24,"poor","usedcar",6579,"DM0-100","unemployed",4,"male",2,29,"forfree",1,1,"yes","foreign"
"990",0,"DM0-200",24,"terrible","goods/repair",1743,"DM0-100","7+years",4,"male",2,48,"own",2,1,"no","foreign"
"991",0,"NoAccount",12,"terrible","edu",3565,"DM0-100","0-1year",2,"male",1,37,"own",2,2,"no","foreign"
"992",0,"NoAccount",15,"good","goods/repair",1569,"DM100-1000","7+years",4,"male",4,34,"own",1,2,"no","foreign"
"993",0,"<DM0",18,"poor","goods/repair",1936,"DM0-100","1-7years",2,"male",4,23,"rent",2,1,"no","foreign"
"994",0,"<DM0",36,"poor","goods/repair",3959,"DM0-100","unemployed",4,"male",3,30,"own",1,1,"yes","foreign"
"995",0,"NoAccount",12,"poor","newcar",2390,"DM0-100","7+years",4,"male",3,50,"own",1,1,"yes","foreign"
"996",0,"NoAccount",12,"poor","goods/repair",1736,"DM0-100","1-7years",3,"female",4,31,"own",1,1,"no","foreign"
"997",0,"<DM0",30,"poor","usedcar",3857,"DM0-100","1-7years",4,"male",4,40,"own",1,1,"yes","foreign"
"998",0,"NoAccount",12,"poor","goods/repair",804,"DM0-100","7+years",4,"male",4,38,"own",1,1,"no","foreign"
"999",1,"<DM0",45,"poor","goods/repair",1845,"DM0-100","1-7years",4,"male",4,23,"forfree",1,1,"yes","foreign"
"1000",0,"DM0-200",45,"terrible","usedcar",4576,"DM100-1000","unemployed",3,"male",4,27,"own",1,1,"no","foreign"
